itemcode,etfTabCode,itemname,nowVal,risefall,changeVal,changeRate,nav,threeMonthEarnRate,quant,amonut,marketSum,collected_at
069500,1,KODEX 200,110770,2,780,0.71,110988.0,-19.2088,5994591,665173,251448,2026-09-30 01:19:51
360750,4,TIGER 미국S&P500,25880,2,25,0.1,25833.0,-8.4971,8427775,218055,208088,2026-09-30 01:19:51
133690,4,TIGER 미국나스닥100,182520,2,820,0.45,182359.0,-9.4944,1187927,216888,120244,2026-09-30 01:19:51
379800,4,KODEX 미국S&P500,23530,2,20,0.09,23483.0,-8.4575,5972405,140464,103297,2026-09-30 01:19:51
396500,2,TIGER 반도체TOP10,39010,2,700,1.83,39054.0,-23.4948,3029687,118222,102947,2026-09-30 01:19:51
488770,7,KODEX 머니마켓액티브,105670,2,5,0.0,105673.0,0.8783,149303,15777,102914,2026-09-30 01:19:51
102110,1,TIGER 200,111050,2,785,0.71,111261.0,-19.2383,4769236,530509,102166,2026-09-30 01:19:51
379810,4,KODEX 미국나스닥100,27290,2,120,0.44,27267.0,-9.4765,6337567,173008,97603,2026-09-30 01:19:51
278530,1,KODEX 200TR,40120,2,255,0.64,40184.0,-19.3506,178498,7178,77933,2026-09-30 01:19:51
459580,6,KODEX CD금리액티브(합성),1073300,2,95,0.01,1073605.0,0.7332,246348,264404,69822,2026-09-30 01:19:51
381180,4,TIGER 미국필라델피아반도체나스닥,44605,2,595,1.35,44615.0,-18.7261,657529,29397,60930,2026-09-30 01:19:51
091160,2,KODEX 반도체,143085,2,1925,1.36,143226.0,-16.5253,626488,89730,60775,2026-09-30 01:19:51
498400,2,KODEX 200타겟위클리커버드콜,20620,2,170,0.83,20631.0,-19.3432,1241635,25637,59963,2026-09-30 01:19:51
0167A0,2,SOL AI반도체TOP2플러스,18980,2,225,1.2,19001.0,-26.5375,4097408,77835,58487,2026-09-30 01:19:51
122630,3,KODEX 레버리지,111815,2,1530,1.39,112141.0,-44.4968,5315310,596355,56243,2026-09-30 01:19:51
229200,1,KODEX 코스닥150,14550,2,250,1.75,14588.0,-14.4226,9822725,142078,48699,2026-09-30 01:19:51
310970,1,TIGER MSCI Korea TR,49710,2,265,0.54,49752.0,-19.3657,1367,68,46131,2026-09-30 01:19:51
148020,1,RISE 200,111610,2,765,0.69,111839.0,-19.2196,769483,86083,45090,2026-09-30 01:19:51
458730,4,TIGER 미국배당다우존스,14195,5,-30,-0.21,14154.0,-9.0821,447607,6342,42209,2026-09-30 01:19:51
0162Z0,7,RISE 삼성전자SK하이닉스채권혼합50,13860,2,70,0.51,13869.0,-10.2956,1536469,21296,41635,2026-09-30 01:19:51
395160,2,KODEX AI반도체TOP2플러스,42395,2,445,1.06,42452.0,-25.1628,1555239,66050,41250,2026-09-30 01:19:51
360200,4,ACE 미국S&P500,26160,2,30,0.11,26116.0,-8.5278,86701,2265,39554,2026-09-30 01:19:51
357870,6,TIGER CD금리투자KIS(합성),58135,2,5,0.01,58133.0,0.7714,94312,5482,39526,2026-09-30 01:19:51
381170,4,TIGER 미국테크TOP10 INDXX,31355,5,-30,-0.1,31290.0,-1.7223,471300,14764,38629,2026-09-30 01:19:51
411060,5,ACE KRX금현물,25555,2,215,0.85,25518.0,-8.1052,162395,4149,38256,2026-09-30 01:19:51
395270,2,HANARO Fn K-반도체,60480,2,565,0.94,60571.0,-24.0766,790616,47903,37407,2026-09-30 01:19:51
423160,6,KODEX KOFR금리액티브(합성),110670,3,0,0.0,110646.0,0.7248,28304,3132,37064,2026-09-30 01:19:51
273130,6,KODEX 종합채권(AA-이상)액티브,109700,2,35,0.03,109727.0,-0.4223,878,96,35618,2026-09-30 01:19:51
367380,4,ACE 미국나스닥100,31380,2,145,0.46,31346.0,-9.435,60305,1892,35616,2026-09-30 01:19:51
233740,3,KODEX 코스닥150레버리지,7365,2,235,3.3,7411.0,-34.707,26302294,191657,35028,2026-09-30 01:19:51
102780,2,KODEX 삼성그룹,26425,2,120,0.46,26451.0,-17.6296,116404,3093,33718,2026-09-30 01:19:51
487240,2,KODEX AI전력핵심설비,36715,2,420,1.16,36785.0,-11.1341,920031,33967,32199,2026-09-30 01:19:51
0043B0,6,TIGER 머니마켓액티브,103807,2,7,0.01,103809.0,0.9383,22001,2283,31975,2026-09-30 01:19:51
455890,6,RISE 머니마켓액티브,55612,2,2,0.0,55616.0,0.8523,57746,3211,29828,2026-09-30 01:19:51
472150,2,TIGER 배당커버드콜액티브,20335,2,105,0.52,20352.0,-18.5554,771190,15715,27997,2026-09-30 01:19:51
139260,2,TIGER 200 IT,143455,2,1350,0.95,143702.0,-24.0927,100226,14412,27515,2026-09-30 01:19:51
486290,4,TIGER 미국나스닥100타겟데일리커버드콜,10455,2,50,0.48,10448.0,-9.8337,255894,2675,26148,2026-09-30 01:19:51
426030,4,TIME 미국나스닥100액티브,47715,2,580,1.23,47609.0,-18.8727,233162,11132,26091,2026-09-30 01:19:51
481050,6,KODEX CD1년금리플러스액티브(합성),1021505,2,90,0.01,1021529.0,0.807,30320,30972,26013,2026-09-30 01:19:51
278540,1,KODEX MSCI Korea TR,39550,2,415,1.06,39613.0,-19.649,8785,348,24323,2026-09-30 01:19:51
449170,6,TIGER KOFR금리액티브(합성),112010,2,5,0.0,111996.0,0.7012,22400,2509,23870,2026-09-30 01:19:51
161510,2,PLUS 고배당주,24545,5,-295,-1.19,24539.0,4.6842,214270,5282,23696,2026-09-30 01:19:51
0193T0,2,KODEX SK하이닉스단일종목레버리지,11180,2,515,4.83,11198.0,-68.3156,7734849,86112,22296,2026-09-30 01:19:51
385540,6,RISE 종합채권(A-이상)액티브,102850,2,90,0.09,102868.0,-0.3347,128,13,21847,2026-09-30 01:19:51
456600,4,TIME 글로벌AI인공지능액티브,58300,2,330,0.57,58225.0,-17.3098,67282,3923,20860,2026-09-30 01:19:51
284430,6,KODEX 200미국채혼합50,20635,2,105,0.51,20644.0,-16.5846,108178,2232,19876,2026-09-30 01:19:51
214980,6,KODEX 단기채권PLUS,114470,5,-5,0.0,114474.0,0.6788,4663,533,19502,2026-09-30 01:19:51
292150,2,TIGER 코리아TOP10,38690,2,215,0.56,38758.0,-19.1902,274116,10625,19132,2026-09-30 01:19:51
305720,2,KODEX 2차전지산업,14485,2,210,1.47,14511.0,-11.0592,1152660,16632,18729,2026-09-30 01:19:51
294400,1,KIWOOM 200TR,145535,2,1020,0.71,145680.0,-19.0007,34523,5026,18046,2026-09-30 01:19:51
442580,4,PLUS 글로벌HBM반도체,107380,2,2235,2.13,107257.0,-25.5348,125867,13527,17879,2026-09-30 01:19:51
441640,4,KODEX 미국배당커버드콜액티브,12190,5,-10,-0.08,12166.0,-7.6762,254770,3097,16932,2026-09-30 01:19:51
105190,1,ACE 200,111050,2,860,0.78,111245.0,-19.3612,154215,17168,16602,2026-09-30 01:19:51
446770,4,ACE 글로벌반도체TOP4 Plus,81230,2,1275,1.59,81367.0,-18.0976,41018,3334,16287,2026-09-30 01:19:51
368590,4,RISE 미국나스닥100,30390,2,130,0.43,30368.0,-9.4722,48425,1471,16228,2026-09-30 01:19:51
329200,2,TIGER 리츠부동산인프라,4037,5,-3,-0.07,4030.0,3.7933,535501,2160,15734,2026-09-30 01:19:51
0193W0,2,KODEX 삼성전자단일종목레버리지,13120,5,-10,-0.08,13143.0,-43.0493,2510635,33220,15721,2026-09-30 01:19:51
0177N0,7,KODEX 삼성전자SK하이닉스채권혼합50,14580,2,85,0.59,14590.0,-10.2228,1462908,21338,15513,2026-09-30 01:19:51
152100,1,PLUS 200,112540,2,845,0.76,112674.0,-19.2641,206801,23306,15137,2026-09-30 01:19:51
477080,6,RISE CD금리액티브(합성),107725,2,10,0.01,107724.0,0.7529,700,75,15059,2026-09-30 01:19:51
487230,4,KODEX 미국AI전력핵심인프라,19810,2,660,3.45,19768.0,-26.7972,207420,4105,14887,2026-09-30 01:19:51
379780,4,RISE 미국S&P500,22565,2,20,0.09,22527.0,-8.5598,22534,508,14848,2026-09-30 01:19:51
091230,2,TIGER 반도체,151460,2,2365,1.59,151492.0,-15.5074,76151,11533,14782,2026-09-30 01:19:51
0195S0,2,TIGER SK하이닉스단일종목레버리지,9510,2,455,5.02,9517.0,-68.2448,3506511,33127,14650,2026-09-30 01:19:51
232080,1,TIGER 코스닥150,14810,2,245,1.68,14875.0,-14.2479,4966067,73218,14478,2026-09-30 01:19:51
226490,1,KODEX 코스피,71445,2,635,0.9,71548.0,-17.8526,36216,2590,14253,2026-09-30 01:19:51
453850,6,ACE 미국30년국채액티브(H),6835,5,-25,-0.36,6823.0,-8.3617,310242,2121,14183,2026-09-30 01:19:51
466920,2,SOL 조선TOP3플러스,26520,2,505,1.94,26552.0,-20.9151,601277,15977,13989,2026-09-30 01:19:51
390390,4,KODEX 미국반도체,56035,2,780,1.41,56021.0,-15.3046,253386,14234,13560,2026-09-30 01:19:51
475630,7,TIGER CD1년금리액티브(합성),1078685,2,85,0.01,1078692.0,0.7994,14813,15978,13120,2026-09-30 01:19:51
448330,1,KODEX 삼성전자채권혼합,17645,2,25,0.14,17666.0,-3.0716,160973,2843,13040,2026-09-30 01:19:51
157450,6,TIGER 단기통안채,112720,2,15,0.01,112725.0,0.589,2085,235,12826,2026-09-30 01:19:51
436140,6,SOL 종합채권(AA-이상)액티브,106170,2,155,0.15,106144.0,-0.4321,33,3,12760,2026-09-30 01:19:51
469150,2,ACE AI반도체TOP3+,64130,2,740,1.17,64162.0,-15.8224,201643,12921,12537,2026-09-30 01:19:51
438080,7,ACE 미국S&P500미국채혼합50액티브,13820,2,10,0.07,13805.0,-10.0619,92842,1280,12369,2026-09-30 01:19:51
494310,2,KODEX 반도체레버리지,96255,2,2255,2.4,96768.0,-44.2269,1439759,138906,12224,2026-09-30 01:19:51
455850,2,SOL AI반도체소부장,28855,2,440,1.55,28860.0,0.3531,1633260,47031,12148,2026-09-30 01:19:51
356540,6,ACE 종합채권(AA-이상)액티브,101155,2,60,0.06,101164.0,-0.1679,12909,1306,11928,2026-09-30 01:19:51
0072R0,5,TIGER KRX금현물,12210,2,90,0.74,12195.0,-8.0774,207388,2532,11416,2026-09-30 01:19:51
487340,6,ACE 머니마켓액티브,106145,2,10,0.01,106146.0,0.9127,2263,240,11371,2026-09-30 01:19:51
497570,4,TIGER 미국필라델피아AI반도체나스닥,22580,2,370,1.67,22586.0,-13.8147,124089,2806,11234,2026-09-30 01:19:51
0183J0,4,TIGER 미국우주테크,7480,5,-95,-1.25,7444.0,-23.2912,309644,2314,11033,2026-09-30 01:19:51
0139F0,6,TIGER 12월자동연장금융채(AA-이상)액티브,102340,2,25,0.02,102323.0,0.9023,1,0,10826,2026-09-30 01:19:51
469830,6,SOL 초단기채권액티브,54520,2,5,0.01,54518.0,0.8883,36378,1983,10802,2026-09-30 01:19:51
465580,4,ACE 미국빅테크TOP7 Plus,24225,2,30,0.12,24197.0,-0.4936,574386,13894,10780,2026-09-30 01:19:51
494890,1,KODEX 200액티브,31980,2,270,0.85,32007.0,-19.5962,16853,539,10681,2026-09-30 01:19:51
445290,2,KODEX 로봇액티브,30670,2,185,0.61,30708.0,-11.8846,66870,2048,10658,2026-09-30 01:19:51
494300,4,KODEX 미국나스닥100데일리커버드콜OTM,8810,2,35,0.4,8810.0,-13.6949,198589,1747,10457,2026-09-30 01:19:51
451540,6,TIGER 종합채권(AA-이상)액티브,52770,2,30,0.06,52791.0,-0.3119,385,20,10402,2026-09-30 01:19:51
295040,1,SOL 200TR,41605,2,350,0.85,41611.0,-19.3766,23801,990,10297,2026-09-30 01:19:51
449180,4,KODEX 미국S&P500(H),17160,2,10,0.06,17131.0,3.8437,112275,1928,10279,2026-09-30 01:19:51
0117V0,2,TIGER 코리아AI전력기기TOP3플러스,19170,2,160,0.84,19197.0,-10.9735,404647,7784,10151,2026-09-30 01:19:51
479520,6,RISE KOFR금리액티브(합성),106620,2,10,0.01,106604.0,0.7179,2325,247,10051,2026-09-30 01:19:51
446720,4,SOL 미국배당다우존스,13010,5,-30,-0.23,12972.0,-9.041,79968,1038,10005,2026-09-30 01:19:51
449450,2,PLUS K방산,50075,2,480,0.97,50121.0,-17.2245,165416,8273,9659,2026-09-30 01:19:51
495050,1,RISE 코리아밸류업,32410,2,60,0.19,32470.0,-16.0301,10243,333,9577,2026-09-30 01:19:51
315930,2,KODEX Top5PlusTR,79765,2,95,0.12,79770.0,-17.0018,2382,190,9572,2026-09-30 01:19:51
438100,7,ACE 미국나스닥100미국채혼합50액티브,15175,2,40,0.26,15155.0,-10.4438,59203,897,9439,2026-09-30 01:19:51
237350,1,KODEX 코스피100,88415,2,815,0.93,88522.0,-20.0006,71903,6364,9416,2026-09-30 01:19:51
0195R0,2,TIGER 삼성전자단일종목레버리지,11950,2,10,0.08,11953.0,-43.5328,1262758,15183,9399,2026-09-30 01:19:51
479080,6,1Q 머니마켓액티브,53900,3,0,0.0,53904.0,0.8796,3987,214,9355,2026-09-30 01:19:51
402970,4,ACE 미국배당다우존스,14465,5,-15,-0.1,14417.0,-9.3887,49454,713,9344,2026-09-30 01:19:51
0219E0,2,KODEX 200커버드콜액티브,8360,2,65,0.78,8365.0,,1324770,11084,9263,2026-09-30 01:19:51
305540,2,TIGER 2차전지테마,18480,2,385,2.13,18507.0,-9.1845,99190,1826,9194,2026-09-30 01:19:51
0048J0,6,KODEX 미국머니마켓액티브,13515,2,15,0.11,13510.0,-11.4579,163338,2203,9190,2026-09-30 01:19:51
0117L0,6,KODEX 26-12 금융채(AA-이상)액티브,10175,5,-5,-0.05,10177.0,0.7422,3705,37,8713,2026-09-30 01:19:51
475720,3,RISE 200위클리커버드콜,12590,2,100,0.8,12584.0,-14.2218,121967,1534,8712,2026-09-30 01:19:51
498410,2,KODEX 금융고배당TOP10타겟위클리커버드콜,11455,5,-250,-2.14,11440.0,10.5461,1451560,16737,8500,2026-09-30 01:19:51
466940,2,TIGER 은행고배당플러스TOP10,26410,5,-695,-2.56,26405.0,12.8553,316702,8436,8478,2026-09-30 01:19:51
0177R0,2,TIGER 반도체TOP10커버드콜액티브,11940,2,170,1.44,11954.0,-24.1172,426555,5102,8465,2026-09-30 01:19:51
069660,1,KIWOOM 200,110710,2,755,0.69,110945.0,-19.477,68432,7586,8359,2026-09-30 01:19:51
490590,4,RISE 미국AI밸류체인데일리고정커버드콜,14325,2,205,1.45,14296.0,-7.1429,94187,1347,8251,2026-09-30 01:19:51
441800,1,TIME Korea플러스배당액티브,28570,5,-160,-0.56,28604.0,-15.384,71114,2040,8017,2026-09-30 01:19:51
272580,6,TIGER 단기채권액티브,57200,3,0,0.0,57204.0,0.7663,2341,133,7934,2026-09-30 01:19:51
252670,3,KODEX 200선물인버스2X,71,5,-1,-1.39,71.0,1.4084,2356389073,165003,7861,2026-09-30 01:19:51
0025N0,7,TIGER TDF2045 적격,11825,3,0,0.0,11803.0,-7.5811,74255,876,7775,2026-09-30 01:19:51
153130,6,KODEX 단기채권,113205,2,15,0.01,113216.0,0.5934,1268,143,7752,2026-09-30 01:19:51
114800,3,KODEX 인버스,988,5,-5,-0.5,987.0,8.8815,209714502,206651,7636,2026-09-30 01:19:51
476550,6,TIGER 미국30년국채커버드콜액티브(H),6440,5,-20,-0.31,6420.0,-8.6742,225147,1449,7474,2026-09-30 01:19:51
462330,2,KODEX 2차전지산업레버리지,990,2,25,2.59,996.0,-28.8349,37883952,37342,7470,2026-09-30 01:19:51
456610,6,TIGER 미국달러SOFR금리액티브(합성),59125,2,30,0.05,59123.0,-11.2088,4772,281,7410,2026-09-30 01:19:51
418660,4,TIGER 미국나스닥100레버리지(합성),40865,2,355,0.88,40783.0,-19.3992,36100,1475,7397,2026-09-30 01:19:51
457480,4,ACE 테슬라밸류체인액티브,17690,5,-55,-0.31,17638.0,-21.5171,54693,965,7306,2026-09-30 01:19:51
495850,1,KODEX 코리아밸류업,32205,2,80,0.25,32211.0,-16.2912,13694,442,7294,2026-09-30 01:19:51
144600,5,KODEX 은선물(H),9895,2,35,0.35,9887.0,2.6548,83734,832,7204,2026-09-30 01:19:51
481060,6,KODEX 미국30년국채타겟커버드콜(합성 H),7080,5,-10,-0.14,7078.0,-7.3324,133281,942,7190,2026-09-30 01:19:51
367760,2,RISE 네트워크인프라,61995,2,555,0.9,62052.0,-22.3851,120946,7534,7160,2026-09-30 01:19:51
329750,6,TIGER 미국달러단기채권액티브,12840,2,5,0.04,12841.0,-11.5743,63480,814,7113,2026-09-30 01:19:51
0127P0,4,ACE 미국대형성장주액티브,10550,2,65,0.62,10511.0,-9.5997,2436,25,6952,2026-09-30 01:19:51
290130,2,RISE ESG사회책임투자,48685,2,625,1.3,48617.0,-21.0125,23751,1153,6913,2026-09-30 01:19:51
0101N0,2,RISE AI전력인프라,21610,2,450,2.13,21617.0,3.6746,112592,2437,6807,2026-09-30 01:19:51
364980,2,TIGER 2차전지TOP10,9990,2,110,1.11,10004.0,-7.9218,795520,7933,6783,2026-09-30 01:19:51
434730,2,HANARO 원자력iSelect,57820,2,930,1.63,57913.0,-12.9923,76180,4386,6736,2026-09-30 01:19:51
488080,3,TIGER 반도체TOP10레버리지,38800,2,1095,2.9,38913.0,-52.9717,2135545,82901,6712,2026-09-30 01:19:51
0167B0,2,SOL 200타겟위클리커버드콜,11830,2,110,0.94,11829.0,-19.4146,122628,1452,6696,2026-09-30 01:19:51
314250,4,KODEX 미국빅테크10(H),64185,2,365,0.57,64019.0,13.3172,6273,403,6688,2026-09-30 01:19:51
482730,4,TIGER 미국S&P500타겟데일리커버드콜,11485,2,5,0.04,11454.0,-8.4525,130754,1500,6679,2026-09-30 01:19:51
458760,4,TIGER 미국배당다우존스타겟커버드콜2호,10360,5,-25,-0.24,10323.0,-9.1331,67843,701,6667,2026-09-30 01:19:51
0007F0,6,KODEX 27-12 회사채(AA-이상)액티브,10180,3,0,0.0,10184.0,0.7422,8010,81,6508,2026-09-30 01:19:51
102970,2,KODEX 증권,17400,2,35,0.2,17426.0,-19.481,119089,2074,6482,2026-09-30 01:19:51
371460,4,TIGER 차이나전기차SOLACTIVE,9020,3,0,0.0,9039.0,-27.2288,11351,102,6469,2026-09-30 01:19:51
0148J0,2,TIGER 코리아휴머노이드로봇산업,9470,2,85,0.91,9469.0,-8.0804,902113,8493,6454,2026-09-30 01:19:51
491010,4,TIGER 글로벌AI전력인프라액티브,25065,2,735,3.02,24977.0,-29.5192,12332,308,6351,2026-09-30 01:19:51
434060,7,KODEX TDF2050액티브 적격,16715,2,70,0.42,16639.0,-8.2676,17996,300,6327,2026-09-30 01:19:51
0061Z0,6,RISE 단기특수은행채액티브,51100,3,0,0.0,51100.0,0.7392,2,0,6281,2026-09-30 01:19:51
0015B0,4,KoAct 미국나스닥성장기업액티브,19390,2,215,1.12,19352.0,-20.9116,189195,3671,6263,2026-09-30 01:19:51
423920,4,TIGER 미국필라델피아반도체레버리지(합성),89995,2,2365,2.7,89947.0,-39.5709,79667,7181,6246,2026-09-30 01:19:51
0091P0,2,TIGER 코리아원자력,17210,2,410,2.44,17215.0,-2.1835,479154,8174,6196,2026-09-30 01:19:51
138540,2,TIGER 현대차그룹플러스,46045,5,-5,-0.01,46105.0,-17.154,47458,2184,5986,2026-09-30 01:19:51
491620,4,RISE 미국테크100데일리고정커버드콜,10375,2,25,0.24,10359.0,-7.2459,80344,833,5919,2026-09-30 01:19:51
251600,7,PLUS 고배당주채권혼합,15200,5,-70,-0.46,15197.0,2.4986,59607,909,5898,2026-09-30 01:19:51
466950,4,TIGER 글로벌AI액티브,31300,2,350,1.13,31230.0,-28.7524,8555,267,5884,2026-09-30 01:19:51
489250,4,KODEX 미국배당다우존스,12250,5,-25,-0.2,12213.0,-9.0532,55055,672,5880,2026-09-30 01:19:51
0019K0,7,TIME 미국나스닥100채권혼합50액티브,13445,2,90,0.67,13434.0,-8.7774,106246,1429,5822,2026-09-30 01:19:51
484790,6,KODEX 미국30년국채액티브(H),7855,5,-15,-0.19,7834.0,-8.5859,291342,2288,5729,2026-09-30 01:19:51
277630,1,TIGER 코스피,72635,2,660,0.92,72621.0,-17.8991,14404,1046,5702,2026-09-30 01:19:51
451000,6,PLUS 종합채권(AA-이상)액티브,107035,3,0,0.0,107171.0,-0.428,0,0,5663,2026-09-30 01:19:51
449190,4,KODEX 미국나스닥100(H),22850,2,90,0.4,22826.0,2.7164,37537,859,5655,2026-09-30 01:19:51
477050,6,PLUS 머니마켓액티브,53625,2,5,0.01,53630.0,0.8748,1085,58,5522,2026-09-30 01:19:51
494670,2,TIGER 조선TOP10,21080,2,470,2.28,21103.0,-19.0813,218641,4618,5375,2026-09-30 01:19:51
455030,6,KODEX 미국달러SOFR금리액티브(합성),11625,5,-15,-0.13,11628.0,-11.4345,7358,85,5359,2026-09-30 01:19:51
0105E0,2,SOL 코리아고배당,12705,5,-115,-0.9,12712.0,2.7106,57799,737,5279,2026-09-30 01:19:51
365780,6,ACE 국고채10년,82025,2,60,0.07,81994.0,-1.3243,925,75,5250,2026-09-30 01:19:51
462010,2,TIGER 2차전지소재Fn,4760,2,120,2.59,4760.0,-19.0227,1056668,5000,5219,2026-09-30 01:19:51
396520,4,TIGER 차이나반도체FACTSET,12650,2,65,0.52,12615.0,-41.3834,36730,463,5217,2026-09-30 01:19:51
496020,6,WON 전단채플러스액티브,52605,2,5,0.01,52605.0,0.95,328,17,5128,2026-09-30 01:19:51
435420,7,TIGER 미국나스닥100채권혼합50,14110,2,60,0.43,14108.0,-4.9868,36762,518,5122,2026-09-30 01:19:51
315960,2,RISE 대형고배당10TR,78130,5,-80,-0.1,78185.0,-18.633,51775,4056,5118,2026-09-30 01:19:51
371160,4,TIGER 차이나항셍테크,6290,5,-20,-0.32,6303.0,-15.3098,44280,277,5098,2026-09-30 01:19:51
496080,1,TIGER 코리아밸류업,32265,2,45,0.14,32307.0,-15.3293,23989,776,5082,2026-09-30 01:19:51
361580,1,RISE 200TR,63020,2,475,0.76,63086.0,-19.3228,87144,5497,5073,2026-09-30 01:19:51
0163Y0,1,KoAct 코스닥액티브,10265,2,175,1.73,10289.0,-6.0959,187727,1924,5050,2026-09-30 01:19:51
438330,6,TIGER 우량회사채액티브,115390,2,55,0.05,115439.0,0.4004,1063,122,5004,2026-09-30 01:19:51
444200,2,SOL 코리아메가테크액티브,45340,2,575,1.28,45362.0,-19.7329,6705,303,4987,2026-09-30 01:19:51
114260,6,KODEX 국고채3년,61700,2,50,0.08,61702.0,0.0486,1205,74,4977,2026-09-30 01:19:51
471990,2,KODEX AI반도체핵심장비,28505,2,395,1.41,28546.0,5.511,893807,25431,4974,2026-09-30 01:19:51
251350,4,KODEX MSCI선진국,38150,2,75,0.2,38109.0,-9.6225,10044,382,4883,2026-09-30 01:19:51
463250,2,TIGER K방산&우주,32730,2,425,1.32,32775.0,-13.9681,106215,3472,4860,2026-09-30 01:19:51
448290,4,TIGER 미국S&P500(H),17775,2,5,0.03,17744.0,3.5239,31285,556,4844,2026-09-30 01:19:51
476800,7,KODEX 한국부동산리츠인프라,4185,3,0,0.0,4182.0,0.9369,149695,626,4840,2026-09-30 01:19:51
499660,7,TIGER CD금리플러스액티브(합성),999995,2,90,0.01,999995.0,0.7875,4398,4397,4675,2026-09-30 01:19:51
483280,4,KODEX 미국AI테크TOP10타겟커버드콜,11725,2,60,0.51,11705.0,-3.4411,88778,1039,4620,2026-09-30 01:19:51
243880,2,TIGER 200IT레버리지,354120,2,5945,1.71,354821.0,-55.3622,32196,11409,4604,2026-09-30 01:19:51
0190C0,2,RISE 현대차고정피지컬AI,7610,2,10,0.13,7622.0,-23.962,146360,1115,4589,2026-09-30 01:19:51
490490,7,SOL 미국배당미국채혼합50,10530,2,5,0.05,10499.0,-12.6544,37505,393,4549,2026-09-30 01:19:51
471230,6,KODEX 국고채10년액티브,103220,2,50,0.05,103201.0,-1.3907,6855,708,4515,2026-09-30 01:19:51
451060,1,1Q 200액티브,35525,2,285,0.81,35597.0,-19.6242,19243,685,4423,2026-09-30 01:19:51
293180,1,HANARO 200,111175,2,925,0.84,111290.0,-19.4027,15720,1747,4336,2026-09-30 01:19:51
447770,7,TIGER 테슬라채권혼합Fn,13680,5,-20,-0.15,13669.0,-4.9238,75255,1028,4323,2026-09-30 01:19:51
448300,4,TIGER 미국나스닥100(H),23575,2,105,0.45,23549.0,2.5648,39956,942,4220,2026-09-30 01:19:51
0016X0,6,SOL 중단기회사채(A-이상)액티브,51505,2,15,0.03,51512.0,0.773,22,1,4218,2026-09-30 01:19:51
474220,4,TIGER 미국테크TOP10타겟커버드콜,14945,5,-25,-0.17,14917.0,-1.4606,35460,528,4214,2026-09-30 01:19:51
0023A0,4,SOL 미국양자컴퓨팅TOP10,23740,2,5,0.02,23595.0,-27.0478,69648,1644,4178,2026-09-30 01:19:51
385560,6,RISE KIS국고채30년Enhanced,50460,2,100,0.2,50466.0,-4.2129,11006,558,4169,2026-09-30 01:19:51
0210A0,2,ACE K반도체TOP2+,7755,2,75,0.98,7765.0,-23.8096,1258045,9771,4161,2026-09-30 01:19:51
0173Y0,4,KODEX 미국AI광통신네트워크,11030,2,420,3.96,11051.0,-27.3901,524585,5799,4098,2026-09-30 01:19:51
426020,4,TIME 미국S&P500액티브,31810,2,115,0.36,31722.0,-12.9856,18466,587,4046,2026-09-30 01:19:51
302450,1,RISE 코스피,72195,2,605,0.85,72154.0,-18.0878,466,33,4007,2026-09-30 01:19:51
0046A0,6,TIGER 미국초단기(3개월이하)국채,9385,2,5,0.05,9386.0,-11.3691,99613,932,3933,2026-09-30 01:19:51
385720,1,TIME 코스피액티브,25750,2,175,0.68,25756.0,-20.5869,11003,283,3914,2026-09-30 01:19:51
148070,6,KIWOOM 국고채10년,103965,2,115,0.11,103909.0,-1.4192,3678,382,3898,2026-09-30 01:19:51
0060H0,1,TIGER 토탈월드스탁액티브,12405,2,25,0.2,12406.0,-9.9046,25690,318,3895,2026-09-30 01:19:51
480260,6,TIGER 27-04회사채(A+이상)액티브,53890,2,10,0.02,53889.0,0.7479,178,9,3883,2026-09-30 01:19:51
241180,4,TIGER 일본니케이225,34460,2,305,0.89,34584.0,-14.4629,2893,99,3860,2026-09-30 01:19:51
474590,2,WON 반도체밸류체인액티브,49480,2,140,0.28,49520.0,-13.2789,62850,3127,3810,2026-09-30 01:19:51
476760,6,ACE 미국30년국채액티브,8370,5,-25,-0.3,8352.0,-19.8559,393003,3284,3758,2026-09-30 01:19:51
439860,6,KODEX ESG종합채권(A-이상)액티브,113515,2,140,0.12,113464.0,0.2653,34,3,3707,2026-09-30 01:19:51
469070,2,RISE AI&로봇,10840,2,60,0.56,10844.0,-7.5472,83638,905,3637,2026-09-30 01:19:51
310960,1,TIGER 200TR,64790,2,500,0.78,64820.0,-19.4462,20062,1299,3628,2026-09-30 01:19:51
0040Y0,7,SOL 팔란티어커버드콜OTM채권혼합,7855,5,-30,-0.38,7865.0,4.901,82705,649,3621,2026-09-30 01:19:51
484880,2,SOL 금융지주플러스고배당,22460,5,-625,-2.71,22470.0,13.6887,244539,5539,3616,2026-09-30 01:19:51
245710,4,ACE 베트남VN30(합성),27795,5,-80,-0.29,28133.0,-14.7293,12409,344,3586,2026-09-30 01:19:51
091180,2,KODEX 자동차,25250,2,15,0.06,25316.0,-18.1102,15770,398,3573,2026-09-30 01:19:51
458250,6,TIGER 미국30년국채스트립액티브(합성 H),32175,5,-170,-0.53,32091.0,-14.8144,46440,1495,3548,2026-09-30 01:19:51
0131V0,4,1Q 미국우주항공테크,10795,5,-25,-0.23,10755.0,-14.0929,16980,183,3530,2026-09-30 01:19:51
132030,5,KODEX 골드선물(H),23370,2,155,0.67,23354.0,1.5085,11143,260,3529,2026-09-30 01:19:51
442570,7,RISE TDF2050액티브 적격,17355,2,35,0.2,17279.0,-8.5486,24573,425,3514,2026-09-30 01:19:51
0182R0,2,1Q K반도체TOP2+,11195,2,130,1.17,11210.0,-26.1102,625614,7018,3470,2026-09-30 01:19:51
0094M0,2,RISE 코리아밸류업위클리고정커버드콜,17295,2,80,0.46,17289.0,-12.2148,267547,4634,3468,2026-09-30 01:19:51
385510,2,KODEX 신재생에너지액티브,39830,2,1220,3.16,39853.0,-3.9792,17598,694,3465,2026-09-30 01:19:51
0144L0,4,KODEX 미국성장커버드콜액티브,9445,2,5,0.05,9438.0,-7.5992,19711,185,3447,2026-09-30 01:19:51
279530,2,KODEX 고배당주,17270,5,-175,-1.0,17276.0,6.0497,59675,1035,3437,2026-09-30 01:19:51
0167Z0,4,KODEX 미국우주항공,7460,5,-100,-1.32,7409.0,-26.8343,236751,1761,3432,2026-09-30 01:19:51
475300,2,SOL 반도체전공정,26285,2,740,2.9,26274.0,-3.1286,1600528,42109,3430,2026-09-30 01:19:51
0080G0,2,KODEX 방산TOP10,9910,2,160,1.64,9917.0,-14.198,866416,8563,3429,2026-09-30 01:19:51
472170,7,TIGER 미국테크TOP10채권혼합,14005,5,-5,-0.04,13988.0,-0.8493,20939,293,3403,2026-09-30 01:19:51
0026S0,4,1Q 미국S&P500,12635,2,20,0.16,12609.0,-8.5355,21669,273,3399,2026-09-30 01:19:51
270810,1,RISE 코스닥150,14455,2,225,1.58,14522.0,-14.1738,34216,491,3388,2026-09-30 01:19:51
0052D0,2,TIGER 코리아배당다우존스,15200,5,-150,-0.98,15195.0,3.3477,30085,459,3336,2026-09-30 01:19:51
456880,7,ACE 미국달러SOFR금리(합성),11965,2,15,0.13,11966.0,-11.6125,45544,544,3300,2026-09-30 01:19:51
462900,2,KoAct 바이오헬스케어액티브,12560,2,120,0.96,12564.0,-29.9155,307079,3820,3297,2026-09-30 01:19:51
448630,7,RISE 삼성그룹Top3채권혼합,15255,2,35,0.23,15301.0,-2.248,35373,540,3280,2026-09-30 01:19:51
0043Y0,4,TIME 차이나AI테크액티브,18915,2,245,1.31,18943.0,-29.8912,15667,293,3244,2026-09-30 01:19:51
473290,6,KODEX 26-12 회사채(AA-이상)액티브,10895,3,0,0.0,10900.0,0.7397,54915,598,3238,2026-09-30 01:19:51
0052S0,7,1Q 미국S&P500미국채혼합50액티브,11385,2,20,0.18,11380.0,-10.1662,15148,172,3211,2026-09-30 01:19:51
0162M0,6,KODEX 금융채1~2년(AA-이상)PLUS액티브,10035,5,-5,-0.05,10038.0,0.6516,2652,26,3193,2026-09-30 01:19:51
453810,4,KODEX 인도Nifty50,10790,5,-5,-0.05,10804.0,-17.9053,19059,204,3124,2026-09-30 01:19:51
485540,4,KODEX 미국AI테크TOP10,15480,2,80,0.52,15457.0,-2.9825,451455,6985,3111,2026-09-30 01:19:51
0094K0,6,TIGER 28-04 회사채(A+이상)액티브,99500,2,5,0.01,99516.0,0.6117,264,26,3108,2026-09-30 01:19:51
0111P0,7,1Q 미국나스닥100미국채혼합50액티브,10785,2,25,0.23,10782.0,-10.3523,26421,284,3085,2026-09-30 01:19:51
489030,2,PLUS 고배당주위클리커버드콜,6160,5,-60,-0.96,6150.0,7.8749,213986,1321,3043,2026-09-30 01:19:51
471780,2,TIGER 코리아테크액티브,39470,2,245,0.62,39512.0,-15.772,35000,1382,3039,2026-09-30 01:19:51
454780,6,KIWOOM 종합채권(AA-이상)액티브,99540,2,170,0.17,99484.0,-0.366,11,1,3017,2026-09-30 01:19:51
483320,4,ACE 엔비디아밸류체인액티브,25710,2,345,1.36,25672.0,-15.7589,19402,499,2995,2026-09-30 01:19:51
497880,6,SOL CD금리&머니마켓액티브,50015,2,5,0.01,50016.0,0.8622,29860,1493,2994,2026-09-30 01:19:51
433330,4,SOL 미국S&P500,21580,2,15,0.07,21548.0,-8.5324,16172,348,2978,2026-09-30 01:19:51
190620,6,ACE 단기통안채,102125,2,20,0.02,102135.0,0.5861,484,49,2969,2026-09-30 01:19:51
481190,4,SOL 미국테크TOP10,17025,5,-10,-0.06,16991.0,-1.5887,77209,1314,2945,2026-09-30 01:19:51
0008S0,4,TIGER 미국배당다우존스타겟데일리커버드콜,9375,5,-10,-0.11,9335.0,-9.6008,117292,1097,2916,2026-09-30 01:19:51
0038A0,4,KODEX 미국휴머노이드로봇,15270,5,-25,-0.16,15263.0,-14.5428,19095,291,2901,2026-09-30 01:19:51
091170,2,KODEX 은행,16130,5,-410,-2.48,16150.0,14.6959,421424,6854,2895,2026-09-30 01:19:51
136340,6,RISE 중기우량회사채,103795,2,85,0.08,103833.0,0.2114,9654,1002,2871,2026-09-30 01:19:51
0098F0,2,KODEX 원자력SMR,15845,2,315,2.03,15862.0,-5.8788,276928,4356,2844,2026-09-30 01:19:51
441680,7,TIGER 미국나스닥100커버드콜(합성),10710,2,45,0.42,10737.0,-7.8772,9550,102,2822,2026-09-30 01:19:51
475080,7,KODEX 테슬라커버드콜채권혼합액티브,7770,5,-35,-0.45,7728.0,-3.268,24593,191,2821,2026-09-30 01:19:51
273140,6,KODEX 단기변동금리부채권액티브,114630,5,-5,0.0,114642.0,0.6695,1148,131,2798,2026-09-30 01:19:51
461490,7,RISE 글로벌자산배분액티브,14460,2,10,0.07,14467.0,-3.795,7179,103,2776,2026-09-30 01:19:51
0162Y0,1,TIME 코스닥액티브,8140,2,140,1.75,8141.0,-12.4248,196622,1597,2735,2026-09-30 01:19:51
0228G0,2,ACE 반도체Plus전략산업,10195,2,90,0.89,10213.0,,252879,2585,2727,2026-09-30 01:19:51
423170,4,SOL 글로벌AI반도체탑픽액티브,60445,2,810,1.36,60371.0,-19.4068,27632,1664,2720,2026-09-30 01:19:51
473330,6,SOL 미국30년국채커버드콜(합성),7490,5,-15,-0.2,7485.0,-18.7454,89685,670,2704,2026-09-30 01:19:51
0183V0,7,KIWOOM 삼성전자&SK하이닉스채권혼합50,12010,2,60,0.5,12016.0,-10.0601,282181,3388,2702,2026-09-30 01:19:51
439870,6,KODEX 국고채30년액티브,86990,5,-160,-0.18,87247.0,-2.9294,1261,110,2700,2026-09-30 01:19:51
196230,6,RISE 단기통안채,117085,2,15,0.01,117103.0,0.5496,106,12,2685,2026-09-30 01:19:51
471040,4,KoAct 글로벌AI&로봇액티브,29730,2,455,1.55,29708.0,-22.2134,6985,208,2676,2026-09-30 01:19:51
421320,2,PLUS 우주항공,27775,2,330,1.2,27801.0,-7.9027,8387,232,2666,2026-09-30 01:19:51
213610,2,KODEX 삼성그룹밸류,22350,2,40,0.18,22322.0,-12.338,3502,78,2660,2026-09-30 01:19:51
388420,2,RISE 비메모리반도체액티브,30270,2,325,1.09,30248.0,-17.9695,15653,473,2658,2026-09-30 01:19:51
307520,2,TIGER 지주회사,21940,2,165,0.76,21971.0,-5.0741,32853,722,2655,2026-09-30 01:19:51
453870,4,TIGER 인도니프티50,10575,2,15,0.14,10579.0,-19.0255,18015,190,2649,2026-09-30 01:19:51
409820,4,KODEX 미국나스닥100레버리지(합성 H),21070,2,135,0.64,21040.0,3.8184,10474,221,2623,2026-09-30 01:19:51
385550,6,RISE 단기채권알파액티브,114340,2,35,0.03,114354.0,0.7625,171,19,2606,2026-09-30 01:19:51
123320,3,TIGER 레버리지,112800,2,1485,1.33,112972.0,-43.7335,27531,3120,2594,2026-09-30 01:19:51
0232A0,6,MIDAS 머니마켓액티브,100330,3,0,0.0,100351.0,,0,0,2593,2026-09-30 01:19:51
486830,6,HANARO 머니마켓액티브,53420,2,5,0.01,53417.0,0.9163,1948,104,2546,2026-09-30 01:19:51
364970,2,TIGER 바이오TOP10,6770,2,55,0.82,6776.0,-10.3472,306663,2057,2546,2026-09-30 01:19:51
483340,4,ACE 구글밸류체인액티브,22480,2,335,1.51,22439.0,-17.2769,20897,469,2540,2026-09-30 01:19:51
472920,6,HK 종합채권(AA-이상)액티브,97970,2,195,0.2,98013.0,-0.443,19,1,2534,2026-09-30 01:19:51
495230,1,KoAct 코리아밸류업액티브,31615,2,235,0.75,31582.0,-19.4502,7085,224,2482,2026-09-30 01:19:51
139230,2,TIGER 200 중공업,12635,2,250,2.02,12647.0,-18.1513,25671,323,2466,2026-09-30 01:19:51
117700,2,KODEX 건설,6860,2,125,1.86,6866.0,2.1089,736653,5020,2442,2026-09-30 01:19:51
363580,2,KODEX 200IT TR,58180,2,605,1.05,58225.0,-23.059,30192,1760,2414,2026-09-30 01:19:51
228790,2,TIGER 화장품,4205,5,-80,-1.87,4212.0,18.8626,1972371,8471,2396,2026-09-30 01:19:51
493810,4,TIGER 미국AI빅테크10타겟데일리커버드콜,11320,5,-5,-0.04,11297.0,-2.0631,38569,435,2389,2026-09-30 01:19:51
0182S0,7,1Q K반도체TOP2채권혼합50,12860,2,90,0.7,12854.0,-11.2887,59442,764,2386,2026-09-30 01:19:51
283580,4,KODEX 차이나CSI300,14260,5,-10,-0.07,14258.0,-19.9402,26574,378,2353,2026-09-30 01:19:51
0053L0,4,TIGER 차이나휴머노이드로봇,8705,2,10,0.12,8687.0,-26.0299,78767,683,2337,2026-09-30 01:19:51
0092C0,6,SOL 27-12 회사채(AA-이상)액티브,50265,5,-15,-0.03,50276.0,0.7716,1329,66,2302,2026-09-30 01:19:51
329650,7,KODEX TRF3070,13920,3,0,0.0,13971.0,-3.2543,4818,67,2297,2026-09-30 01:19:51
363570,6,KODEX 장기종합채권(AA-이상)액티브,86360,2,315,0.37,86234.0,-1.5673,1600,138,2288,2026-09-30 01:19:51
472160,4,TIGER 미국테크TOP10 INDXX(H),19410,5,-20,-0.1,19369.0,11.0285,67319,1307,2281,2026-09-30 01:19:51
0089D0,2,KODEX 금융고배당TOP10,13230,5,-285,-2.11,13221.0,8.6439,116502,1548,2249,2026-09-30 01:19:51
498270,4,KIWOOM 미국양자컴퓨팅,14825,2,120,0.82,14812.0,-14.5428,21352,316,2246,2026-09-30 01:19:51
433500,2,ACE 원자력TOP10,57075,2,1055,1.88,57148.0,-4.922,15588,882,2226,2026-09-30 01:19:51
422420,2,RISE 2차전지액티브,6775,2,155,2.34,6775.0,-13.2048,26025,175,2218,2026-09-30 01:19:51
0151S0,4,KODEX 미국AI반도체TOP3플러스,15905,2,75,0.47,15885.0,-12.3347,24822,394,2203,2026-09-30 01:19:51
0104N0,2,TIGER 200타겟위클리커버드콜,21275,2,140,0.66,21277.0,-20.0247,14435,307,2191,2026-09-30 01:19:51
488980,6,SOL 26-12 회사채(AA-이상)액티브,52240,2,10,0.02,52235.0,0.7814,103,5,2189,2026-09-30 01:19:51
437080,6,KODEX 미국종합채권ESG액티브(H),94070,2,60,0.06,94092.0,-4.0644,578,54,2186,2026-09-30 01:19:51
458260,6,TIGER 미국투자등급회사채액티브(H),44630,3,0,0.0,44616.0,-5.4141,259,11,2169,2026-09-30 01:19:51
452360,4,SOL 미국배당다우존스(H),12900,5,-45,-0.35,12889.0,2.9031,73325,945,2167,2026-09-30 01:19:51
271050,5,KODEX WTI원유선물인버스(H),1784,2,67,3.9,1789.0,-31.7297,3719874,6669,2163,2026-09-30 01:19:51
442320,4,RISE 글로벌원자력,34145,2,595,1.77,34132.0,-18.9472,4298,146,2148,2026-09-30 01:19:51
478150,4,TIME 글로벌우주테크&방산액티브,17725,2,5,0.03,17737.0,-22.6877,8223,145,2136,2026-09-30 01:19:51
0119H0,6,KODEX 28-12 회사채(AA-이상)액티브,9905,2,5,0.05,9903.0,0.3039,8236,81,2135,2026-09-30 01:19:51
0233J0,7,TIGER 삼성전자SK하이닉스미국채혼합50,10670,2,150,1.43,10688.0,,118678,1263,2134,2026-09-30 01:19:51
266160,2,RISE 고배당,33345,5,-140,-0.42,33368.0,-13.7338,2135,71,2117,2026-09-30 01:19:51
332930,1,HANARO 200TR,145495,2,1230,0.85,145670.0,-19.3893,18,2,2110,2026-09-30 01:19:51
448540,7,ACE 엔비디아채권혼합,26645,5,-35,-0.13,26616.0,1.6187,10046,267,2105,2026-09-30 01:19:51
305080,6,TIGER 미국채10년선물,11690,2,10,0.09,11688.0,-16.3324,17593,205,2104,2026-09-30 01:19:51
157500,2,TIGER 증권,11820,2,30,0.25,11827.0,-19.1486,59098,698,2104,2026-09-30 01:19:51
244580,2,KODEX 바이오,7995,2,95,1.2,8000.0,-19.7155,162662,1283,2098,2026-09-30 01:19:51
490090,4,TIGER 미국AI빅테크10,16015,3,0,0.0,15989.0,-1.6278,39886,637,2082,2026-09-30 01:19:51
267770,3,TIGER 200선물레버리지,85990,2,1530,1.81,85744.0,-44.0977,41639,3584,2064,2026-09-30 01:19:51
486450,4,SOL 미국AI전력인프라,18815,2,450,2.45,18665.0,-24.7337,27280,509,2060,2026-09-30 01:19:51
0093A0,2,RISE AI반도체TOP10,37075,2,725,1.99,37103.0,-11.8788,61987,2304,2021,2026-09-30 01:19:51
480040,4,ACE 미국반도체데일리타겟커버드콜(합성),14800,2,290,2.0,14756.0,-23.3645,36193,534,2013,2026-09-30 01:19:51
463050,2,TIME K바이오액티브,11090,2,120,1.09,11110.0,-27.351,68939,756,2002,2026-09-30 01:19:51
0005A0,4,KODEX 미국S&P500데일리커버드콜OTM,9085,5,-5,-0.06,9072.0,-9.7874,91309,828,1999,2026-09-30 01:19:51
0069M0,4,1Q 미국나스닥100,13640,2,60,0.44,13628.0,-9.5177,7799,106,1978,2026-09-30 01:19:51
302190,6,TIGER 중장기국채,49920,2,80,0.16,49892.0,-0.6974,1022,51,1937,2026-09-30 01:19:51
433980,7,KODEX TDF2040액티브 적격,15695,2,25,0.16,15646.0,-6.4437,7777,121,1915,2026-09-30 01:19:51
0005G0,2,IBK K-AI반도체코어테크,55465,2,365,0.66,55536.0,-15.572,9363,519,1914,2026-09-30 01:19:51
0153K0,2,KODEX 주주환원고배당주,12025,5,-225,-1.84,12029.0,7.943,30625,370,1912,2026-09-30 01:19:51
495060,1,TIME 코리아밸류업액티브,28510,2,285,1.01,28516.0,-25.8408,17936,511,1910,2026-09-30 01:19:51
0204D0,2,KODEX 현대차로보틱스밸류체인TOP3플러스,5565,5,-15,-0.27,5561.0,-21.9035,113772,632,1903,2026-09-30 01:19:51
495550,1,SOL 코리아밸류업TR,33030,2,95,0.29,33020.0,-16.228,2358,78,1899,2026-09-30 01:19:51
0115D0,2,KODEX 조선TOP10,7310,2,180,2.52,7317.0,-20.5129,604331,4422,1897,2026-09-30 01:19:51
0082V0,7,KODEX TDF2060액티브 적격,11185,2,5,0.04,11135.0,-8.006,11618,129,1879,2026-09-30 01:19:51
494330,2,ACE 라이프자산주주가치액티브,32880,5,-155,-0.47,32900.0,-2.4404,1271,41,1874,2026-09-30 01:19:51
494220,2,UNICORN SK하이닉스밸류체인액티브,53020,2,790,1.51,53107.0,-16.0155,20348,1078,1856,2026-09-30 01:19:51
261260,7,KODEX 미국달러선물인버스2X,5515,5,-5,-0.09,5525.0,28.6713,23567,130,1850,2026-09-30 01:19:51
0091C0,6,KODEX 미국10년국채액티브(H),9235,3,0,0.0,9228.0,-5.02,96421,890,1848,2026-09-30 01:19:51
0190G0,2,KODEX 반도체타겟위클리커버드콜,9820,2,145,1.5,9831.0,-14.4563,186565,1834,1846,2026-09-30 01:19:51
466930,2,SOL 자동차TOP3플러스,23275,2,10,0.04,23302.0,-22.6948,19240,448,1839,2026-09-30 01:19:51
473460,4,KODEX 미국서학개미,23880,5,-50,-0.21,23824.0,-7.5412,54245,1292,1815,2026-09-30 01:19:51
429000,4,TIGER 미국S&P500배당귀족,12570,5,-35,-0.28,12541.0,-14.4198,16702,209,1810,2026-09-30 01:19:51
233160,3,TIGER 코스닥150 레버리지,8170,2,285,3.61,8179.0,-34.3191,850349,6866,1810,2026-09-30 01:19:51
332500,1,ACE 200TR,74555,2,595,0.8,74648.0,-19.5081,6052,451,1789,2026-09-30 01:19:51
414780,4,TIGER 차이나과창판STAR50(합성),13032,5,-3,-0.02,13080.0,-33.2737,25084,325,1785,2026-09-30 01:19:51
122090,1,PLUS 코스피50,83330,2,765,0.93,83514.0,-21.7239,9379,783,1775,2026-09-30 01:19:51
480020,4,ACE 미국빅테크7+데일리타겟커버드콜(합성),9870,5,-50,-0.5,9853.0,-8.8597,70492,695,1767,2026-09-30 01:19:51
0047A0,4,TIGER 차이나테크TOP10,11730,2,5,0.04,11736.0,-22.0672,56237,659,1765,2026-09-30 01:19:51
0099L0,6,ACE 우량회사채(AA-이상)액티브,99580,2,110,0.11,99599.0,0.5356,27,2,1747,2026-09-30 01:19:51
403790,1,MIDAS 코스피액티브,58665,2,815,1.41,58638.0,-17.7859,743,43,1716,2026-09-30 01:19:51
461950,2,KODEX 2차전지핵심소재10,4845,2,115,2.43,4846.0,-16.7622,314337,1513,1715,2026-09-30 01:19:51
412570,2,TIGER 2차전지TOP10레버리지,1140,2,17,1.51,1147.0,-22.8709,1964403,2234,1711,2026-09-30 01:19:51
476450,6,KIWOOM 머니마켓액티브,52895,2,15,0.03,52893.0,0.8294,223,11,1706,2026-09-30 01:19:51
483290,4,KODEX 미국배당다우존스타겟커버드콜,9695,5,-45,-0.46,9678.0,-9.3663,43035,416,1706,2026-09-30 01:19:51
0040X0,7,SOL 팔란티어미국채커버드콜혼합,9050,5,-30,-0.33,9068.0,-0.8445,25920,234,1701,2026-09-30 01:19:51
272560,6,RISE 단기국공채액티브,114890,2,15,0.01,114899.0,0.6042,3134,360,1658,2026-09-30 01:19:51
337160,2,KODEX 200ESG,48680,2,205,0.42,48659.0,-21.5996,4115,200,1655,2026-09-30 01:19:51
0192Z0,6,TIGER 중기종합채권(A-이상)액티브,100870,2,50,0.05,100881.0,0.3933,10049,1013,1637,2026-09-30 01:19:51
490600,4,RISE 미국배당100데일리고정커버드콜,8500,5,-5,-0.06,8475.0,-9.8836,74048,626,1628,2026-09-30 01:19:51
237370,7,KODEX 코리아배당성장채권혼합,15545,2,10,0.06,15554.0,0.0242,12537,195,1617,2026-09-30 01:19:51
480030,4,ACE 미국500데일리타겟커버드콜(합성),9545,2,5,0.05,9510.0,-11.0401,18651,177,1604,2026-09-30 01:19:51
491820,2,HANARO 전력설비투자,43925,2,415,0.95,44053.0,-11.0134,21817,966,1603,2026-09-30 01:19:51
0193G0,1,KoAct 코스피액티브,8550,2,110,1.3,8550.0,-21.5249,10144,86,1603,2026-09-30 01:19:51
488720,7,WON 종합채권(AA-이상)액티브,48570,3,0,0.0,48634.0,-0.226,0,0,1591,2026-09-30 01:19:51
0005D0,2,SOL 전고체배터리&실리콘음극재,15130,2,430,2.93,15142.0,-12.6041,340629,5112,1581,2026-09-30 01:19:51
472870,6,RISE 미국30년국채엔화노출(합성 H),6500,5,-5,-0.08,6534.0,-18.6627,53947,350,1576,2026-09-30 01:19:51
152870,1,파워 200,111920,2,980,0.88,112003.0,-19.1391,822,92,1567,2026-09-30 01:19:51
200250,4,KIWOOM 인도Nifty50(합성),19815,2,55,0.28,19814.0,-18.2965,874,17,1565,2026-09-30 01:19:51
160580,5,TIGER 구리실물,16165,5,-15,-0.09,16135.0,-4.317,12304,198,1556,2026-09-30 01:19:51
354500,1,ACE 코스닥150,14675,2,225,1.56,14747.0,-14.345,36633,535,1556,2026-09-30 01:19:51
0064K0,5,KODEX 금액티브,11890,2,185,1.58,11853.0,-10.5123,15755,187,1534,2026-09-30 01:19:51
471760,2,TIGER AI반도체핵심공정,16005,2,125,0.79,16006.0,-10.5353,483431,7762,1504,2026-09-30 01:19:51
394670,4,TIGER 글로벌리튬&2차전지SOLACTIVE(합성),10225,2,50,0.49,10284.0,-22.0008,2389,24,1493,2026-09-30 01:19:51
0180V0,4,ACE 미국우주테크액티브,7780,5,-95,-1.21,7722.0,-22.4138,65734,510,1490,2026-09-30 01:19:51
458210,7,KIWOOM CD금리액티브(합성),110870,2,5,0.0,110849.0,0.768,333,36,1489,2026-09-30 01:19:51
0151P0,2,RISE 코리아전략산업액티브,15135,2,135,0.9,15155.0,-22.9401,53938,818,1476,2026-09-30 01:19:51
219480,4,KODEX 미국S&P500선물(H),33100,3,0,0.0,33102.0,3.5831,2514,83,1473,2026-09-30 01:19:51
438560,6,SOL 국고채3년,100305,2,115,0.11,100292.0,0.0899,163,16,1466,2026-09-30 01:19:51
138520,2,TIGER 삼성그룹,36165,2,125,0.35,36173.0,-15.6368,2146,77,1461,2026-09-30 01:19:51
0104H0,7,KoAct 미국나스닥채권혼합50액티브,11915,2,100,0.85,11914.0,-11.1655,6637,78,1460,2026-09-30 01:19:51
491610,6,1Q CD금리액티브(합성),105110,2,5,0.0,105103.0,0.7331,1502,157,1454,2026-09-30 01:19:51
0051G0,4,SOL 미국원자력SMR,11690,2,95,0.82,11637.0,-25.3621,5417,63,1444,2026-09-30 01:19:51
0127M0,4,ACE 미국대형가치주액티브,11960,2,5,0.04,11915.0,-11.227,154,1,1435,2026-09-30 01:19:51
457990,2,PLUS 태양광&ESS,36750,2,1300,3.67,36760.0,-6.992,169329,6123,1433,2026-09-30 01:19:51
0199C0,2,ACE 고배당주Plus커버드콜액티브,8960,5,-125,-1.38,8956.0,-0.7421,211503,1903,1429,2026-09-30 01:19:51
481180,4,SOL 미국AI소프트웨어,16595,2,150,0.91,16561.0,11.0398,14618,241,1427,2026-09-30 01:19:51
498180,6,파워 종합채권(AA-이상)액티브,93200,3,0,0.0,93249.0,-0.4859,0,0,1405,2026-09-30 01:19:51
0048K0,4,KODEX 차이나휴머노이드로봇,7765,3,0,0.0,7748.0,-23.7703,37109,287,1394,2026-09-30 01:19:51
143860,2,TIGER 헬스케어,34980,2,245,0.71,34995.0,-15.845,4017,138,1392,2026-09-30 01:19:51
0041E0,4,KODEX 미국S&P500액티브,16130,2,60,0.37,16123.0,-12.0767,21208,341,1387,2026-09-30 01:19:51
451530,6,TIGER 국고채30년스트립액티브,35000,2,120,0.34,34963.0,-6.1862,6167,217,1383,2026-09-30 01:19:51
495330,1,1Q 코리아밸류업,32080,2,110,0.34,32076.0,-16.56,242,7,1379,2026-09-30 01:19:51
0131W0,6,1Q 단기특수은행채액티브,102325,2,10,0.01,102330.0,0.7136,28,2,1379,2026-09-30 01:19:51
245340,4,TIGER 미국다우존스30,33990,2,20,0.06,33914.0,-12.8731,2170,73,1373,2026-09-30 01:19:51
476030,4,SOL 미국나스닥100,17295,2,75,0.44,17279.0,-9.4305,16603,287,1349,2026-09-30 01:19:51
463680,4,KODEX 미국S&P500테크놀로지,22945,2,185,0.81,22832.0,-6.8441,2305,52,1319,2026-09-30 01:19:51
0092B0,2,SOL 한국원자력SMR,15660,2,265,1.72,15692.0,-4.5272,35620,554,1308,2026-09-30 01:19:51
139220,2,TIGER 200 건설,7715,2,120,1.58,7733.0,-7.7718,71376,549,1307,2026-09-30 01:19:51
0091M0,6,HANARO 27-06 회사채(AA-이상)액티브,10160,3,0,0.0,10170.0,0.5442,1877,19,1304,2026-09-30 01:19:51
0181B0,4,HANARO 미국AI메모리반도체TOP4+,10245,2,130,1.29,10238.0,-25.1019,75797,776,1296,2026-09-30 01:19:51
411420,4,KODEX 미국나스닥AI테크액티브,27160,2,285,1.06,27129.0,-6.7341,2148,58,1290,2026-09-30 01:19:51
325010,2,KODEX 성장주,44230,2,715,1.64,44262.0,-20.09,1335,59,1283,2026-09-30 01:19:51
461500,6,HANARO 종합채권(AA-이상)액티브,105095,2,235,0.22,104937.0,-0.3517,5,0,1267,2026-09-30 01:19:51
0074K0,2,KoAct K수출핵심기업TOP30액티브,17200,2,310,1.84,17204.0,-17.5495,6425,110,1264,2026-09-30 01:19:51
463290,6,1Q 단기금융채액티브,109485,2,15,0.01,109484.0,0.7779,116,12,1262,2026-09-30 01:19:51
0209D0,2,KODEX 전고체배터리ESS TOP2플러스,8195,2,230,2.89,8216.0,-10.6061,313603,2552,1262,2026-09-30 01:19:51
448100,1,WON 200,113615,2,955,0.85,113542.0,-19.7432,2585,293,1250,2026-09-30 01:19:51
447620,7,SOL 미국TOP5채권혼합50,15770,5,-50,-0.32,15759.0,1.8673,13684,215,1246,2026-09-30 01:19:51
0000Y0,6,HK 26-12 회사채(AA-이상)액티브,102070,2,5,0.0,102080.0,0.7452,2,0,1235,2026-09-30 01:19:51
304660,6,KODEX 미국30년국채울트라선물(H),6935,5,-10,-0.14,6929.0,-8.7985,11909,82,1221,2026-09-30 01:19:51
377990,2,TIGER Fn신재생에너지,24900,2,765,3.17,24894.0,-10.6934,15762,388,1220,2026-09-30 01:19:51
0123G0,4,TIGER 미국AI전력SMR,5870,2,100,1.73,5848.0,-26.9158,20024,117,1212,2026-09-30 01:19:51
328370,1,PLUS 코스피TR,39040,2,570,1.48,39098.0,-19.1637,5,0,1210,2026-09-30 01:19:51
438570,6,SOL 국고채10년,97730,2,170,0.17,97700.0,-1.4695,10,0,1204,2026-09-30 01:19:51
192090,4,TIGER 차이나CSI300,11655,2,25,0.21,11652.0,-20.9651,2415,28,1195,2026-09-30 01:19:51
0085P0,6,ACE 미국10년국채액티브,9330,2,5,0.05,9322.0,-16.0903,78727,734,1194,2026-09-30 01:19:51
332940,1,HANARO MSCI Korea TR,49550,2,675,1.38,49579.0,-20.0148,34,1,1189,2026-09-30 01:19:51
469170,2,ACE 포스코그룹포커스,5835,2,160,2.82,5840.0,-3.7129,212874,1233,1185,2026-09-30 01:19:51
0184L0,6,PLUS 중기종합채권(A-이상)액티브,100540,2,40,0.04,100537.0,0.5351,10,1,1174,2026-09-30 01:19:51
399110,4,SOL 미국S&P500ESG,20495,5,-10,-0.05,20456.0,-9.0538,3674,75,1168,2026-09-30 01:19:51
0197X0,2,SOL SK하이닉스선물단일종목인버스2X,5690,5,-305,-5.09,5689.0,-19.3679,8138602,46487,1164,2026-09-30 01:19:51
491230,6,PLUS 국공채머니마켓액티브,52620,2,5,0.01,52612.0,0.8336,138,7,1161,2026-09-30 01:19:51
0168K0,2,TIGER 기술이전바이오액티브,5515,2,70,1.29,5515.0,-31.4664,531909,2892,1156,2026-09-30 01:19:51
114820,6,TIGER 국채3년,104910,2,85,0.08,104944.0,0.0286,793,83,1145,2026-09-30 01:19:51
326240,2,RISE IT플러스,45630,2,650,1.45,45626.0,-17.9497,2601,118,1141,2026-09-30 01:19:51
182480,7,TIGER 미국MSCI리츠(합성 H),12920,5,-20,-0.15,13011.0,-8.0429,4646,60,1137,2026-09-30 01:19:51
304940,4,KODEX 미국나스닥100선물(H),33380,2,160,0.48,33333.0,2.4044,592,19,1135,2026-09-30 01:19:51
0174B0,7,KoAct 글로벌AI메모리반도체액티브,15330,2,275,1.83,15303.0,-22.417,44131,676,1127,2026-09-30 01:19:51
319640,4,TIGER 골드선물(H),24480,2,165,0.68,24461.0,0.8921,1996,48,1126,2026-09-30 01:19:51
0000J0,2,PLUS 한화그룹주,28130,2,435,1.57,28185.0,-6.6566,27440,768,1125,2026-09-30 01:19:51
266370,2,KODEX IT,72095,2,595,0.83,72094.0,-20.7318,5679,410,1117,2026-09-30 01:19:51
367770,2,RISE 수소경제테마,21580,2,190,0.89,21638.0,-13.0665,7703,165,1111,2026-09-30 01:19:51
0036R0,4,RISE 미국휴머노이드로봇,19780,2,70,0.36,19740.0,-13.9034,5266,103,1108,2026-09-30 01:19:51
488500,4,TIGER 미국S&P500동일가중,12030,2,30,0.25,12009.0,-13.6251,4290,51,1089,2026-09-30 01:19:51
0221V0,6,IBK 초단기채권액티브,100715,2,10,0.01,100716.0,,2,0,1077,2026-09-30 01:19:51
309230,4,ACE 미국WideMoat동일가중,29150,5,-75,-0.26,29095.0,-8.9927,1348,39,1073,2026-09-30 01:19:51
476850,1,KoAct 배당성장액티브,21845,2,80,0.37,21874.0,-12.8251,11144,244,1070,2026-09-30 01:19:51
203780,4,TIGER 미국나스닥바이오,35185,2,190,0.54,35099.0,-4.8532,2642,92,1070,2026-09-30 01:19:51
496090,1,KIWOOM 코리아밸류업,32330,2,165,0.51,32314.0,-16.3988,10,0,1067,2026-09-30 01:19:51
455860,2,SOL 2차전지소부장Fn,4415,2,80,1.85,4421.0,-16.9541,190107,836,1066,2026-09-30 01:19:51
0193M0,6,BNK 27-12 특수채(AAA이상)액티브,50340,3,0,0.0,50337.0,0.5894,0,0,1064,2026-09-30 01:19:51
0132K0,7,PLUS 테슬라위클리커버드콜채권혼합,7907,5,-3,-0.04,7866.0,-4.1859,38160,301,1056,2026-09-30 01:19:51
0137V0,4,KIWOOM 미국S&P500모멘텀,11510,2,35,0.31,11484.0,-15.3888,21147,242,1053,2026-09-30 01:19:51
0138Y0,7,PLUS 금채권혼합,9495,2,55,0.58,9499.0,-5.2209,25628,243,1044,2026-09-30 01:19:51
372330,4,KODEX 차이나항셍테크,6285,5,-10,-0.16,6284.0,-14.8354,13682,85,1040,2026-09-30 01:19:51
464310,4,TIGER 글로벌AI&로보틱스 INDXX,13305,2,140,1.06,13285.0,-16.8352,3252,43,1038,2026-09-30 01:19:51
475310,2,SOL 반도체후공정,30785,2,405,1.33,30773.0,0.6293,240568,7385,1031,2026-09-30 01:19:51
464930,4,TIGER 글로벌혁신블루칩TOP10,20495,2,50,0.24,20496.0,-5.7183,221,4,1025,2026-09-30 01:19:51
0191W0,6,HANARO 중기종합채권(A-이상)액티브,100700,3,0,0.0,100818.0,0.2838,0,0,1020,2026-09-30 01:19:51
475050,2,ACE KPOP포커스,6845,5,-35,-0.51,6852.0,-9.7705,71695,491,1020,2026-09-30 01:19:51
0122W0,6,RISE 26-11 회사채(AA-이상)액티브,51110,2,20,0.04,51102.0,0.7592,137,7,1019,2026-09-30 01:19:51
0162L0,4,KODEX 차이나AI반도체TOP10,12720,2,45,0.36,12666.0,-37.432,23245,295,1018,2026-09-30 01:19:51
0080Y0,2,SOL 조선TOP3플러스레버리지,7810,2,290,3.86,7823.0,-42.4197,353008,2760,1015,2026-09-30 01:19:51
0135Y0,6,IBK 중기종합채권(AA-이상)액티브,100290,2,160,0.16,100292.0,0.17,10,1,1010,2026-09-30 01:19:51
465610,4,ACE 미국빅테크TOP7 Plus레버리지(합성),42025,2,120,0.29,41866.0,-1.9308,6468,271,1009,2026-09-30 01:19:51
251340,3,KODEX 코스닥150선물인버스,2330,5,-30,-1.27,2334.0,6.3063,18826773,44002,1007,2026-09-30 01:19:51
168580,4,ACE 중국본토CSI300,32040,5,-45,-0.14,32218.0,-20.1767,127,4,1000,2026-09-30 01:19:51
0008T0,2,SOL 화장품TOP3플러스,17205,5,-190,-1.09,17208.0,24.6953,605302,10622,998,2026-09-30 01:19:51
458030,6,WON 국공채머니마켓액티브,55155,5,-5,-0.01,55158.0,0.7672,152,8,997,2026-09-30 01:19:51
0177X0,2,ACE K휴머노이드로봇산업TOP2+,9530,2,60,0.63,9543.0,-6.5615,97010,919,982,2026-09-30 01:19:51
0142D0,4,TIGER 미국AI데이터센터TOP4Plus,10425,2,280,2.76,10352.0,-22.201,23363,243,980,2026-09-30 01:19:51
394660,4,TIGER 글로벌자율주행&전기차SOLACTIVE,14890,2,95,0.64,14959.0,-22.7416,1381,20,977,2026-09-30 01:19:51
486240,2,DAISHIN AI반도체&인프라액티브,31210,2,645,2.11,31155.0,-14.8252,140,4,968,2026-09-30 01:19:51
461460,6,PLUS 국고채10년액티브,51095,2,105,0.21,51026.0,-1.4877,14,0,956,2026-09-30 01:19:51
473440,6,ACE 11월만기자동연장회사채AA-이상액티브,10875,2,5,0.05,10874.0,0.8348,276,2,946,2026-09-30 01:19:51
433970,7,KODEX TDF2030액티브 적격,13815,5,-5,-0.04,13830.0,-4.7707,2805,38,939,2026-09-30 01:19:51
195980,4,PLUS 신흥국MSCI(합성 H),15275,2,115,0.76,15321.0,-0.8827,9966,153,938,2026-09-30 01:19:51
114100,6,RISE 국고채3년,105920,2,125,0.12,105896.0,0.0599,5,0,932,2026-09-30 01:19:51
0176E0,4,RISE 미국AI전력인프라액티브,9770,2,320,3.39,9738.0,-26.9142,2610,25,928,2026-09-30 01:19:51
479620,4,SOL 미국AI반도체칩메이커,26860,2,280,1.05,26797.0,-17.1189,24370,653,927,2026-09-30 01:19:51
0035T0,7,PLUS 글로벌휴머노이드로봇액티브,19175,2,90,0.47,19210.0,-15.1778,3602,68,920,2026-09-30 01:19:51
453080,4,KIWOOM 미국나스닥100(H),23550,2,75,0.32,23523.0,2.3631,13661,322,918,2026-09-30 01:19:51
308620,6,KODEX 미국10년국채선물,10995,2,15,0.14,10992.0,-16.1192,5250,57,913,2026-09-30 01:19:51
143850,4,TIGER 미국S&P500선물(H),77215,2,45,0.06,77193.0,2.9825,176,13,907,2026-09-30 01:19:51
298770,4,KODEX 한국대만IT프리미어,84230,2,1250,1.51,84355.0,-14.0652,6045,506,901,2026-09-30 01:19:51
325020,2,KODEX 배당가치,29070,5,-210,-0.72,29121.0,-2.913,905,26,901,2026-09-30 01:19:51
269540,4,PLUS 미국S&P500(H),29990,5,-15,-0.05,29944.0,1.8154,740,22,900,2026-09-30 01:19:51
0052T0,6,1Q 중단기회사채(A-이상)액티브,50790,2,40,0.08,50777.0,0.7544,189,9,899,2026-09-30 01:19:51
454320,2,HANARO CAPEX설비투자iSelect,41800,2,390,0.94,41863.0,-7.2357,233,9,899,2026-09-30 01:19:51
475280,6,ACE 8월만기자동연장회사채AA-이상액티브,10745,2,10,0.09,10742.0,0.562,4,0,894,2026-09-30 01:19:51
0007N0,1,아이엠에셋 200,111385,2,660,0.6,111498.0,-19.2537,11,1,891,2026-09-30 01:19:51
261270,7,KODEX 미국달러선물인버스,8240,5,-15,-0.18,8248.0,14.0193,6751,55,884,2026-09-30 01:19:51
444490,4,WON 미국S&P500,19865,2,20,0.1,19827.0,-8.5484,4768,94,884,2026-09-30 01:19:51
0198A0,2,KIWOOM 코스닥150커버드콜액티브,8705,2,110,1.28,8728.0,,346514,3004,884,2026-09-30 01:19:51
468380,6,KODEX iShares미국하이일드액티브,10430,5,-15,-0.14,10421.0,-13.2883,10204,106,880,2026-09-30 01:19:51
0066W0,5,SOL 국제금,12000,2,100,0.84,11998.0,-10.2226,16591,198,876,2026-09-30 01:19:51
211900,2,KODEX 코리아배당성장,27535,5,-150,-0.54,27518.0,-0.678,489,13,867,2026-09-30 01:19:51
329670,7,KODEX TRF7030,21615,2,5,0.02,21616.0,-6.9779,3358,72,865,2026-09-30 01:19:51
495040,1,PLUS 코리아밸류업,32000,2,260,0.82,31998.0,-16.5246,22,0,864,2026-09-30 01:19:51
453330,4,RISE 미국S&P500(H),18135,3,0,0.0,18117.0,3.8286,9793,177,852,2026-09-30 01:19:51
485690,4,RISE 미국AI밸류체인TOP3Plus,22795,2,425,1.9,22630.0,-6.281,8239,187,832,2026-09-30 01:19:51
359210,1,KODEX 코스피TR,36070,2,260,0.73,36136.0,-18.0925,9756,352,830,2026-09-30 01:19:51
329660,7,KODEX TRF5050,17595,2,25,0.14,17628.0,-5.0386,1056,18,827,2026-09-30 01:19:51
460960,7,ACE 글로벌인컴TOP10,10460,3,0,0.0,10469.0,-13.4117,199471,2083,826,2026-09-30 01:19:51
0017Y0,6,1Q 종합채권(AA-이상)액티브,94060,2,175,0.19,93943.0,-0.3767,5,0,817,2026-09-30 01:19:51
337140,2,KODEX 코스피대형주,36925,2,425,1.16,36923.0,-19.3984,1066,39,812,2026-09-30 01:19:51
429760,4,PLUS 미국S&P500,19245,2,20,0.1,19213.0,-8.6374,354,6,808,2026-09-30 01:19:51
449770,4,KIWOOM 미국S&P500,20720,2,30,0.14,20677.0,-8.3393,845,17,808,2026-09-30 01:19:51
0057H0,7,PLUS 미국S&P500미국채혼합50액티브,11450,2,10,0.09,11447.0,-10.1151,120368,1374,802,2026-09-30 01:19:51
108450,2,ACE 삼성그룹섹터가중,40035,2,140,0.35,40019.0,-13.4824,3976,159,801,2026-09-30 01:19:51
0018C0,2,PLUS 고배당주위클리고정커버드콜,10355,5,-145,-1.38,10353.0,6.3509,27796,288,792,2026-09-30 01:19:51
495750,1,HANARO 코리아밸류업,32250,2,260,0.81,32255.0,-16.6724,25,0,790,2026-09-30 01:19:51
138530,2,TIGER LG그룹플러스,12010,5,-65,-0.54,12039.0,-1.2674,5401,65,778,2026-09-30 01:19:51
0098N0,2,PLUS 자사주매입고배당주,12855,5,-195,-1.49,12867.0,9.614,10978,141,778,2026-09-30 01:19:51
469060,4,RISE 미국반도체NYSE,37000,2,550,1.51,36965.0,-18.0928,8170,302,777,2026-09-30 01:19:51
0049M0,4,ACE 미국배당퀄리티+커버드콜액티브,11015,2,10,0.09,11002.0,-8.7756,6197,68,777,2026-09-30 01:19:51
365040,1,TIGER AI코리아그로스액티브,36805,2,320,0.88,36757.0,-17.1455,643,23,773,2026-09-30 01:19:51
272910,6,ACE 중장기국공채액티브,105695,3,0,0.0,105885.0,-0.1936,0,0,769,2026-09-30 01:19:51
0225V0,4,KODEX 미국CPU반도체TOP10,11835,2,110,0.94,11849.0,,120148,1422,769,2026-09-30 01:19:51
210780,2,TIGER 코스피고배당,23175,5,-205,-0.88,23174.0,6.3145,2343,54,765,2026-09-30 01:19:51
228810,2,TIGER 미디어컨텐츠,3080,2,10,0.33,3079.0,-10.234,27482,84,758,2026-09-30 01:19:51
0238F0,4,KODEX 미국AI메모리TOP2플러스,10730,5,-20,-0.19,10765.0,,109781,1179,746,2026-09-30 01:19:51
490480,2,SOL K방산,27560,2,255,0.93,27582.0,-13.81,4819,132,744,2026-09-30 01:19:51
0080X0,7,SOL 미국S&P500미국채혼합50,10590,2,20,0.19,10583.0,-12.684,16728,176,741,2026-09-30 01:19:51
0240J0,2,RISE 삼성SK그룹,10575,2,90,0.86,10579.0,,218522,2316,740,2026-09-30 01:19:51
292190,1,KODEX KRX300,49070,2,640,1.32,48995.0,-19.4678,359,17,736,2026-09-30 01:19:51
364960,2,TIGER BBIG,6180,2,65,1.06,6198.0,-9.3403,6323,39,735,2026-09-30 01:19:51
298340,6,PLUS 국채선물3년,56320,3,0,0.0,56422.0,0.071,0,0,732,2026-09-30 01:19:51
412770,4,TIGER 글로벌AI플랫폼액티브,12700,2,280,2.25,12520.0,-23.5928,1985,25,728,2026-09-30 01:19:51
157490,2,TIGER 소프트웨어,7840,3,0,0.0,7835.0,-6.3322,9753,76,728,2026-09-30 01:19:51
475350,4,RISE 버크셔포트폴리오TOP10,14095,5,-65,-0.46,14018.0,-8.7335,6066,85,719,2026-09-30 01:19:51
0210E0,2,PLUS 200커버드콜액티브,7280,2,60,0.83,7286.0,-20.4119,72019,524,713,2026-09-30 01:19:51
0098Z0,1,FOCUS 200,94850,2,985,1.05,94849.0,-19.5999,5,0,711,2026-09-30 01:19:51
441540,2,HANARO Fn조선해운,26060,2,350,1.36,26126.0,-11.5888,4534,118,704,2026-09-30 01:19:51
0102A0,4,TIGER 미국AI소프트웨어TOP4Plus,8675,2,65,0.75,8643.0,7.4906,2074,17,703,2026-09-30 01:19:51
0022T0,4,SOL 국제금커버드콜액티브,12255,2,120,0.99,12267.0,-10.7619,14479,177,699,2026-09-30 01:19:51
0190Y0,4,TIGER 구글밸류체인,8590,2,115,1.36,8572.0,-16.5349,5543,47,696,2026-09-30 01:19:51
211560,2,TIGER 배당성장,34500,5,-555,-1.58,34500.0,-0.3716,1363,47,693,2026-09-30 01:19:51
0233A0,7,ACE 삼성전자SK하이닉스플러스채권혼합50,10725,2,20,0.19,10757.0,,169561,1821,686,2026-09-30 01:19:51
266420,2,KODEX 헬스케어,15870,2,100,0.63,15894.0,-16.1839,1548,24,682,2026-09-30 01:19:51
130730,6,KIWOOM 단기자금,103150,2,5,0.0,103161.0,0.6439,114,11,681,2026-09-30 01:19:51
492500,7,1Q 현대차그룹채권(A+이상)&국고통안,51310,2,5,0.01,51323.0,0.5586,36,1,678,2026-09-30 01:19:51
228800,2,TIGER 여행레저,2625,2,10,0.38,2628.0,-7.9226,7901,20,676,2026-09-30 01:19:51
433880,7,PLUS TDF2060액티브 적격,18320,2,15,0.08,18230.0,-8.3698,1259,23,669,2026-09-30 01:19:51
0113D0,4,TIME 글로벌탑픽액티브,11720,2,40,0.34,11698.0,-10.0155,18868,220,668,2026-09-30 01:19:51
278620,6,PLUS 단기채권액티브,119110,2,25,0.02,119117.0,0.7103,267,31,665,2026-09-30 01:19:51
465330,2,RISE 2차전지TOP10,11305,2,260,2.35,11336.0,-8.2261,16690,187,664,2026-09-30 01:19:51
491700,1,HK 200,110575,3,0,0.0,111926.0,-19.9718,0,0,663,2026-09-30 01:19:51
453950,4,TIGER TSMC파운드리밸류체인,34000,2,900,2.72,34052.0,-21.8695,3564,119,663,2026-09-30 01:19:51
473640,4,HANARO 글로벌금채굴기업,31555,2,195,0.62,31512.0,2.2997,5439,171,663,2026-09-30 01:19:51
277640,2,TIGER 코스피대형주,38135,2,185,0.49,38172.0,-18.9353,4451,169,648,2026-09-30 01:19:51
0222D0,2,KoAct 고배당액티브,10095,5,-115,-1.13,10091.0,,40426,409,646,2026-09-30 01:19:51
418670,4,TIGER 글로벌AI사이버보안,18660,5,-10,-0.05,18651.0,11.4294,24126,449,642,2026-09-30 01:19:51
458750,4,TIGER 미국배당다우존스타겟커버드콜1호,12310,5,-30,-0.24,12268.0,-9.374,4735,58,640,2026-09-30 01:19:51
0123S0,2,HANARO 26-12 은행채(AA+이상)액티브,10200,3,0,0.0,10210.0,0.6413,651,6,632,2026-09-30 01:19:51
306950,3,KODEX KRX300레버리지,78915,2,1315,1.69,79338.0,-43.959,324,25,631,2026-09-30 01:19:51
261240,7,KODEX 미국달러선물,14040,3,0,0.0,14051.0,-11.3077,19638,275,626,2026-09-30 01:19:51
252400,3,RISE 200선물레버리지,104140,2,1845,1.8,103869.0,-43.695,560,58,625,2026-09-30 01:19:51
292770,6,KODEX 국채선물3년인버스,58175,3,0,0.0,58089.0,1.2531,0,0,625,2026-09-30 01:19:51
419890,6,KIWOOM 단기채권ESG액티브,107465,2,10,0.01,107478.0,0.5756,30,3,623,2026-09-30 01:19:51
495940,4,RISE 미국AI테크액티브,19565,2,270,1.4,19450.0,-14.6825,468,9,616,2026-09-30 01:19:51
0115E0,2,KODEX 코리아소버린AI,14120,2,85,0.61,14123.0,-4.8426,11137,157,614,2026-09-30 01:19:51
455660,6,ACE 미국하이일드액티브(H),9160,3,0,0.0,9147.0,-2.0738,2355,21,614,2026-09-30 01:19:51
140700,2,KODEX 보험,20295,5,-805,-3.82,20288.0,11.0914,44187,907,609,2026-09-30 01:19:51
453640,4,KODEX 미국S&P500헬스케어,14080,2,10,0.07,14033.0,-6.4681,3284,46,605,2026-09-30 01:19:51
440640,6,ACE 단기채권알파액티브,112885,2,10,0.01,112890.0,0.7947,211,23,597,2026-09-30 01:19:51
0166S0,2,PLUS K제조업핵심기업액티브,11470,2,95,0.84,11485.0,-18.721,5380,61,596,2026-09-30 01:19:51
275980,4,TIGER 글로벌4차산업혁신기술(합성 H),23720,2,35,0.15,23886.0,-1.3742,55,1,593,2026-09-30 01:19:51
204480,4,TIGER 차이나CSI300레버리지(합성),20840,5,-50,-0.24,21019.0,-40.8048,133,2,592,2026-09-30 01:19:51
491220,1,PLUS 200TR,131510,2,890,0.68,131794.0,-19.4226,9,1,592,2026-09-30 01:19:51
278240,3,RISE 코스닥150선물레버리지,8330,2,265,3.29,8323.0,-34.2706,77978,637,591,2026-09-30 01:19:51
0040S0,4,HANARO 글로벌피지컬AI액티브,23420,2,170,0.73,23366.0,-20.8646,6094,142,586,2026-09-30 01:19:51
0181L0,4,SOL 미국우주항공TOP10,7020,5,-65,-0.92,6977.0,-22.4412,36912,258,583,2026-09-30 01:19:51
480310,4,TIGER 글로벌온디바이스AI,21525,2,95,0.44,21544.0,-10.4755,14372,309,581,2026-09-30 01:19:51
476750,6,ACE 미국30년국채엔화노출액티브(H),7040,2,5,0.07,7039.0,-18.2471,18952,132,570,2026-09-30 01:19:51
304780,3,HANARO 200선물레버리지,126450,2,1820,1.46,126551.0,-43.5336,31,3,569,2026-09-30 01:19:51
0172V0,5,1Q 은액티브,7810,2,40,0.51,7811.0,-9.0164,26126,204,566,2026-09-30 01:19:51
225040,4,TIGER 미국S&P500레버리지(합성 H),67390,3,0,0.0,67158.0,6.7057,398,26,566,2026-09-30 01:19:51
442560,7,RISE TDF2040액티브 적격,16355,2,40,0.25,16269.0,-7.9045,4949,80,564,2026-09-30 01:19:51
0226A0,7,PLUS SK하이닉스샌디스크채권혼합50,11210,2,75,0.67,11271.0,,22921,256,561,2026-09-30 01:19:51
385590,2,ACE ESG액티브,24345,2,260,1.08,24332.0,-16.1678,79,1,560,2026-09-30 01:19:51
0141S0,2,SOL 조선기자재,8595,2,260,3.12,8604.0,-13.3126,106850,921,559,2026-09-30 01:19:51
434960,1,DAISHIN K200,110795,3,0,0.0,111820.0,-19.5047,0,0,554,2026-09-30 01:19:51
455960,6,RISE 미국달러SOFR금리액티브(합성),11895,5,-65,-0.54,11942.0,-10.4791,43,0,545,2026-09-30 01:19:51
479730,4,TIGER 인도빌리언컨슈머,9205,5,-30,-0.32,9204.0,-13.2405,2413,22,543,2026-09-30 01:19:51
0000D0,7,TIGER 엔비디아미국채커버드콜밸런스(합성),8620,3,0,0.0,8603.0,-12.9893,15147,130,543,2026-09-30 01:19:51
0238P0,7,TIGER 미국S&P500미국채혼합50,10080,2,35,0.35,10064.0,,7898,79,535,2026-09-30 01:19:51
401470,2,KODEX 메타버스액티브,9300,5,-15,-0.16,9306.0,-10.4758,234,2,535,2026-09-30 01:19:51
150460,2,TIGER 중국소비테마,7275,5,-110,-1.49,7274.0,1.4423,1340,9,535,2026-09-30 01:19:51
476260,2,HANARO 반도체핵심공정주도주,14985,2,395,2.71,14991.0,-11.6561,174682,2605,532,2026-09-30 01:19:51
0220B0,1,DS 코스닥액티브,12020,2,185,1.56,12009.0,,189350,2274,529,2026-09-30 01:19:51
0041D0,4,KODEX 미국AI소프트웨어TOP10,14030,2,35,0.25,14025.0,12.7316,6044,84,526,2026-09-30 01:19:51
0046Y0,4,ACE 미국배당퀄리티,12220,5,-25,-0.2,12201.0,-8.9112,2319,28,525,2026-09-30 01:19:51
261070,2,TIGER 코스닥150바이오테크,11225,2,165,1.49,11231.0,-27.9714,75032,829,523,2026-09-30 01:19:51
0111J0,2,HANARO 증권고배당TOP3플러스,11880,2,30,0.25,11879.0,-19.2456,14445,171,523,2026-09-30 01:19:51
275300,2,KODEX 우량주,30710,2,300,0.99,30707.0,-18.8409,276,8,522,2026-09-30 01:19:51
253150,3,PLUS 200선물레버리지,208145,2,4080,2.0,207513.0,-43.7706,3309,689,520,2026-09-30 01:19:51
101280,4,KODEX 일본TOPIX100,30170,5,-60,-0.2,30025.0,-4.7187,562,16,519,2026-09-30 01:19:51
0194T0,2,ACE SK하이닉스단일종목레버리지,9550,2,470,5.18,9571.0,-67.9096,37918,357,516,2026-09-30 01:19:51
0118Z0,4,ACE 미국AI테크핵심산업액티브,8635,2,50,0.58,8600.0,-11.9036,2187,18,514,2026-09-30 01:19:51
0113P0,6,HK 머니마켓액티브,102655,2,10,0.01,102663.0,0.8449,122,12,511,2026-09-30 01:19:51
287180,4,PLUS 미국나스닥테크,56575,2,525,0.94,56414.0,-9.6624,285,16,509,2026-09-30 01:19:51
445150,2,KODEX 친환경조선해운액티브,27475,2,485,1.8,27472.0,-12.4948,527,14,508,2026-09-30 01:19:51
336160,6,RISE 금융채액티브,99790,2,175,0.18,99754.0,0.1286,1,0,508,2026-09-30 01:19:51
152500,3,ACE 레버리지,45960,2,660,1.46,46032.0,-43.6953,7251,335,506,2026-09-30 01:19:51
481430,6,RISE 국고채10년액티브,97620,2,175,0.18,97538.0,-1.526,185,18,505,2026-09-30 01:19:51
0139P0,2,ACE 고배당주,13200,5,-200,-1.49,13200.0,3.9771,13504,179,502,2026-09-30 01:19:51
475260,6,ACE 2월만기자동연장회사채AA-이상액티브,10775,2,10,0.09,10769.0,0.7958,11,0,497,2026-09-30 01:19:51
292560,7,TIGER 일본엔선물,8000,2,30,0.38,7987.0,-9.1738,17662,140,496,2026-09-30 01:19:51
316670,1,KIWOOM 코스닥150,7285,2,130,1.82,7286.0,-13.9507,77075,558,495,2026-09-30 01:19:51
0185L0,4,TIME 글로벌휴머노이드로봇산업액티브,7075,2,40,0.57,7076.0,-28.6873,4620,32,495,2026-09-30 01:19:51
114470,6,KIWOOM 국고채3년,107310,2,160,0.15,107293.0,-0.0251,12,1,494,2026-09-30 01:19:51
0118S0,4,SOL 미국넥스트테크TOP10액티브,10787,2,92,0.86,10754.0,-22.3312,2108,22,491,2026-09-30 01:19:51
440910,4,WON 미국우주항공방산,21775,5,-50,-0.23,21735.0,-24.0738,516,11,490,2026-09-30 01:19:51
473490,4,KIWOOM 글로벌AI반도체,32660,2,360,1.11,32683.0,-11.0516,423,13,490,2026-09-30 01:19:51
140950,1,파워 코스피100,87070,2,750,0.87,87132.0,-20.1097,85,7,488,2026-09-30 01:19:51
360140,2,KODEX 200롱코스닥150숏선물,22155,5,-180,-0.81,22134.0,-8.1432,3731,82,487,2026-09-30 01:19:51
461340,4,HANARO 글로벌생성형AI액티브,44115,2,585,1.34,43926.0,-10.7992,359,15,485,2026-09-30 01:19:51
442260,1,마이티 다이나믹퀀트액티브,39000,2,380,0.98,38856.0,-19.6171,14,0,484,2026-09-30 01:19:51
0178H0,7,IBK 미국AI TOP10국채혼합50,10230,2,60,0.59,10165.0,1.4008,8296,84,481,2026-09-30 01:19:51
218420,4,KODEX 미국S&P500에너지(합성),19530,5,-235,-1.19,19530.0,1.9865,17348,337,479,2026-09-30 01:19:51
0000Z0,2,RISE 바이오TOP10액티브,8150,2,50,0.62,8168.0,-31.5011,17737,143,477,2026-09-30 01:19:51
123310,3,TIGER 인버스,1099,5,-9,-0.81,1099.0,7.6773,1018018,1116,474,2026-09-30 01:19:51
261220,5,KODEX WTI원유선물(H),26280,5,-1165,-4.24,26276.0,41.0328,15096,393,473,2026-09-30 01:19:51
0020H0,4,KoAct 글로벌양자컴퓨팅액티브,22440,2,260,1.17,22322.0,-23.5437,1966,44,471,2026-09-30 01:19:51
447430,2,ACE 주주환원가치주액티브,16525,5,-75,-0.45,16541.0,4.7682,6017,100,471,2026-09-30 01:19:51
305050,1,ACE 코스피,72280,2,300,0.42,72335.0,-17.6289,3536,255,470,2026-09-30 01:19:51
442090,2,에셋플러스 코리아대장장이액티브,30960,2,365,1.19,31086.0,-9.8025,247,7,464,2026-09-30 01:19:51
0086B0,2,TIGER 리츠부동산인프라TOP10액티브,9460,5,-25,-0.26,9482.0,0.3705,1802,17,464,2026-09-30 01:19:51
473590,4,ACE 미국주식베스트셀러,19595,2,300,1.55,19557.0,-14.85,33310,651,460,2026-09-30 01:19:51
371470,4,TIGER 차이나바이오테크SOLACTIVE,8600,2,35,0.41,8605.0,4.5149,20885,178,454,2026-09-30 01:19:51
375770,2,KODEX 탄소효율그린뉴딜,25135,2,140,0.56,25104.0,-16.6236,873,21,452,2026-09-30 01:19:51
453650,4,KODEX 미국S&P500금융,17995,2,15,0.08,17997.0,-11.0785,4459,80,450,2026-09-30 01:19:51
200030,4,KODEX 미국S&P500산업재(합성),39715,2,215,0.54,39633.0,-18.9578,322,12,448,2026-09-30 01:19:51
487130,2,KoAct AI인프라액티브,30745,2,595,1.97,30778.0,-13.0498,5215,159,446,2026-09-30 01:19:51
276990,4,KODEX 글로벌로봇(합성),24940,2,5,0.02,24922.0,-13.7198,540,13,441,2026-09-30 01:19:51
196030,4,ACE 일본TOPIX레버리지(H),88220,5,-1640,-1.83,88074.0,5.7487,10,0,441,2026-09-30 01:19:51
0141T0,6,SOL 중기종합채권(AA-이상)액티브,50195,3,0,0.0,50245.0,0.2096,0,0,438,2026-09-30 01:19:51
0186S0,7,1Q 코스닥150채권혼합50액티브,8525,2,60,0.71,8555.0,-7.0348,120550,1024,435,2026-09-30 01:19:51
238720,4,ACE 일본Nikkei225(H),48155,2,445,0.93,48147.0,-5.7488,595,28,433,2026-09-30 01:19:51
440650,6,ACE 미국달러단기채권액티브,11395,2,15,0.13,11392.0,-11.783,12312,140,433,2026-09-30 01:19:51
0194M0,2,ACE 삼성전자단일종목레버리지,12060,2,80,0.67,12071.0,-43.4773,19364,235,428,2026-09-30 01:19:51
0089C0,4,KODEX 미국S&P500변동성확대시커버드콜,11235,2,60,0.54,11218.0,-7.974,919,10,427,2026-09-30 01:19:51
0207G0,2,SOL 우주항공밸류체인,7360,2,130,1.8,7351.0,-1.2296,334613,2437,427,2026-09-30 01:19:51
256750,4,KODEX 차이나심천ChiNext(합성),13920,2,15,0.11,13918.0,-33.8802,1488,20,426,2026-09-30 01:19:51
0112X0,1,마이티 200TR,41780,2,330,0.8,41708.0,-19.0272,7357,307,418,2026-09-30 01:19:51
0191M0,6,마이티 5월만기자동연장특수채(AAA)액티브,100810,3,0,0.0,100824.0,0.6389,0,0,417,2026-09-30 01:19:51
491830,4,TIGER 미국AI반도체팹리스,23120,2,335,1.47,23062.0,-11.3637,968,22,416,2026-09-30 01:19:51
100910,1,KIWOOM KRX100,17320,2,60,0.35,17365.0,-20.303,2330,40,416,2026-09-30 01:19:51
0197W0,2,SOL SK하이닉스단일종목레버리지,9390,2,470,5.27,9378.0,-68.2563,82544,770,416,2026-09-30 01:19:51
0132H0,4,KODEX 미국원자력SMR,6980,2,25,0.36,6930.0,-31.7469,23766,165,415,2026-09-30 01:19:51
472840,1,IBK 200,110435,2,1020,0.93,110425.0,-19.5988,184,20,414,2026-09-30 01:19:51
401170,2,RISE 메타버스,10500,2,75,0.72,10479.0,-16.6,916,9,410,2026-09-30 01:19:51
472830,6,RISE 미국30년국채커버드콜(합성),7355,5,-10,-0.14,7332.0,-20.6173,831,6,408,2026-09-30 01:19:51
448570,1,FOCUS AI코리아액티브,30215,2,185,0.62,30226.0,-10.7711,21,0,408,2026-09-30 01:19:51
183700,7,RISE 200채권혼합50,96925,2,380,0.39,96925.0,-9.9268,490,47,407,2026-09-30 01:19:51
275280,2,KODEX 모멘텀주,43820,2,215,0.49,43840.0,-19.4363,1320,57,394,2026-09-30 01:19:51
322410,2,HANARO K고배당,22475,5,-255,-1.12,22469.0,4.8356,3429,77,393,2026-09-30 01:19:51
469050,4,RISE 미국반도체NYSE(H),34140,2,425,1.26,34129.0,-6.7618,3356,114,393,2026-09-30 01:19:51
139320,5,TIGER 금은선물(H),17320,2,100,0.58,17194.0,0.997,1311,22,390,2026-09-30 01:19:51
0189B0,5,TIGER 은액티브,7540,2,35,0.47,7492.0,-7.0589,6862,51,388,2026-09-30 01:19:51
139280,2,TIGER 경기방어,12095,5,-70,-0.58,12135.0,-1.6544,6655,80,387,2026-09-30 01:19:51
494840,4,TIGER 미국방산TOP10,11495,5,-40,-0.35,11477.0,-14.849,3598,41,385,2026-09-30 01:19:51
428510,4,KODEX 차이나AI테크액티브,22515,2,75,0.33,22565.0,-34.6788,12751,284,383,2026-09-30 01:19:51
0192L0,2,RISE SK하이닉스단일종목레버리지,9730,2,470,5.08,9746.0,-67.1515,23984,230,379,2026-09-30 01:19:51
0234N0,2,KIWOOM 삼성SK그룹TOP4+,10550,2,120,1.15,10564.0,,75994,803,375,2026-09-30 01:19:51
450910,1,SOL 코스닥150,14245,2,245,1.75,14295.0,-14.2157,12050,170,373,2026-09-30 01:19:51
195930,4,TIGER 유로스탁스50(합성 H),23315,2,115,0.5,23283.0,1.2437,1331,30,373,2026-09-30 01:19:51
449690,4,TIGER 한중반도체(합성),49610,2,520,1.06,49410.0,-29.5342,3,0,372,2026-09-30 01:19:51
365000,2,TIGER 인터넷TOP10,3660,2,100,2.81,3658.0,-10.4403,116783,425,370,2026-09-30 01:19:51
0007G0,4,PLUS 글로벌원자력밸류체인,12070,2,20,0.17,12047.0,-23.8788,3394,40,368,2026-09-30 01:19:51
147970,2,TIGER 모멘텀,79955,2,1175,1.49,80102.0,-17.1566,3364,267,368,2026-09-30 01:19:51
352540,7,KODEX 일본부동산리츠(H),10740,2,35,0.33,10712.0,-4.6389,6001,64,365,2026-09-30 01:19:51
276650,4,RISE 글로벌테크놀로지(합성 H),48060,2,440,0.92,47890.0,5.8222,1,0,360,2026-09-30 01:19:51
494410,4,PLUS 미국S&P500성장주,14390,2,140,0.98,14292.0,-6.2119,275,3,360,2026-09-30 01:19:51
0085N0,6,ACE 미국10년국채액티브(H),9425,3,0,0.0,9418.0,-4.6797,15980,150,358,2026-09-30 01:19:51
400970,2,TIGER Fn메타버스,7090,2,5,0.07,7095.0,-14.7413,2542,18,355,2026-09-30 01:19:51
104530,2,KIWOOM 코리아고배당,17130,5,-65,-0.38,17138.0,1.347,691,11,351,2026-09-30 01:19:51
276970,4,KODEX 미국S&P500배당귀족커버드콜(합성 H),7470,2,5,0.07,7462.0,-0.8691,1648,12,351,2026-09-30 01:19:51
241390,7,RISE V&S셀렉트밸류채권혼합,15915,2,200,1.27,15782.0,-3.1135,1766,28,350,2026-09-30 01:19:51
407830,4,에셋플러스 글로벌플랫폼액티브,14470,2,85,0.59,14441.0,-12.8182,43,0,347,2026-09-30 01:19:51
0204S0,1,TIGER 코스닥액티브,7835,2,90,1.16,7833.0,-7.2456,134786,1056,347,2026-09-30 01:19:51
0184E0,7,1Q 200채권혼합50액티브,11160,2,80,0.72,11158.0,-9.1284,81400,908,346,2026-09-30 01:19:51
0023B0,4,PLUS 미국양자컴퓨팅TOP10,16090,5,-40,-0.25,16032.0,-18.4118,9833,158,346,2026-09-30 01:19:51
0100K0,2,KODEX 방산TOP10레버리지,5740,2,130,2.32,5767.0,-34.6154,352033,2014,344,2026-09-30 01:19:51
385520,2,KODEX 자율주행액티브,16015,2,115,0.72,16041.0,-12.7573,893,14,344,2026-09-30 01:19:51
464470,6,PLUS 미국채30년액티브,44830,5,-75,-0.17,44747.0,-20.1097,5644,252,343,2026-09-30 01:19:51
266360,2,KODEX K콘텐츠,9235,5,-15,-0.16,9236.0,-8.642,2475,22,342,2026-09-30 01:19:51
117460,2,KODEX 에너지화학,14250,2,380,2.74,14261.0,2.7511,10687,150,339,2026-09-30 01:19:51
380340,2,ACE 코리아AI테크핵심산업,28240,2,230,0.82,28278.0,-16.637,761,21,339,2026-09-30 01:19:51
475270,6,ACE 5월만기자동연장회사채AA-이상액티브,10735,3,0,0.0,10743.0,0.6091,10,0,338,2026-09-30 01:19:51
449780,4,KIWOOM 미국S&P500(H),18645,5,-20,-0.11,18611.0,3.2067,2940,54,336,2026-09-30 01:19:51
0089B0,7,PLUS 미국나스닥100미국채혼합50,11180,2,30,0.27,11179.0,-10.4187,11218,125,335,2026-09-30 01:19:51
452250,6,ACE 미국30년국채선물레버리지(합성 H),4300,5,-25,-0.58,4284.0,-18.242,12309,52,333,2026-09-30 01:19:51
261250,7,KODEX 미국달러선물레버리지,15400,2,10,0.06,15403.0,-22.2531,69367,1060,333,2026-09-30 01:19:51
0154F0,2,WON 초대형IB&금융지주,12090,5,-205,-1.67,12086.0,1.9063,1446,17,332,2026-09-30 01:19:51
138910,5,KODEX 구리선물(H),10035,5,-5,-0.05,10030.0,5.2962,2691,27,331,2026-09-30 01:19:51
105780,2,RISE 5대그룹주,16530,2,145,0.88,16557.0,-21.7527,594,9,331,2026-09-30 01:19:51
475070,4,KoAct 글로벌친환경전력인프라액티브,29840,2,890,3.07,29756.0,-22.1461,550,16,328,2026-09-30 01:19:51
498860,2,RISE 코리아금융고배당,16375,5,-95,-0.58,16355.0,-3.4911,1630,26,328,2026-09-30 01:19:51
491090,4,KODEX 미국테크TOP3플러스,18180,5,-100,-0.55,18178.0,-0.0795,8839,160,327,2026-09-30 01:19:51
474800,4,KIWOOM 미국원유에너지기업,15205,5,-175,-1.14,15182.0,1.5862,7457,112,327,2026-09-30 01:19:51
459560,4,KODEX 테슬라밸류체인FactSet,21700,5,-150,-0.69,21689.0,-16.5289,318,6,326,2026-09-30 01:19:51
099140,4,KODEX 차이나H,20325,5,-105,-0.51,20342.0,-4.4006,237,4,325,2026-09-30 01:19:51
0138T0,4,RISE 미국S&P500데일리고정커버드콜,9285,2,25,0.27,9268.0,-8.2608,5390,49,325,2026-09-30 01:19:51
217770,5,TIGER 원유선물인버스(H),1129,2,47,4.34,1128.0,-33.0446,399217,451,323,2026-09-30 01:19:51
122260,6,KIWOOM 통안채1년,104205,2,20,0.02,104199.0,0.4919,44,4,323,2026-09-30 01:19:51
465350,3,RISE 2차전지TOP10인버스(합성),16135,5,-430,-2.6,16253.0,0.6073,12823,208,323,2026-09-30 01:19:51
252710,3,TIGER 200선물인버스2X,78,3,0,0.0,77.0,4.0,35675463,2747,321,2026-09-30 01:19:51
275290,2,KODEX 가치주,35335,2,370,1.06,35213.0,-15.4852,28,0,318,2026-09-30 01:19:51
156080,1,KODEX MSCI Korea,52980,2,425,0.81,53028.0,-19.4956,20,1,318,2026-09-30 01:19:51
0083S0,4,1Q 미국메디컬AI,12185,2,60,0.49,12196.0,7.2834,13218,160,317,2026-09-30 01:19:51
465660,4,TIGER 일본반도체FACTSET,25340,2,740,3.01,25401.0,-23.2988,1500,37,317,2026-09-30 01:19:51
446690,4,KODEX 아시아AI반도체exChina액티브,63035,2,850,1.37,63080.0,-22.1859,4065,255,315,2026-09-30 01:19:51
322400,2,HANARO e커머스,9545,5,-25,-0.26,9559.0,-11.0182,1578,15,315,2026-09-30 01:19:51
0150K0,2,KoAct 수소전력ESS인프라액티브,11210,2,400,3.7,11228.0,0.0925,10146,113,314,2026-09-30 01:19:51
261140,2,TIGER 우선주,24465,5,-10,-0.04,24500.0,-10.6084,9773,239,313,2026-09-30 01:19:51
395290,2,HANARO Fn K-POP&미디어,4900,3,0,0.0,4897.0,-9.5107,2778,13,311,2026-09-30 01:19:51
0166N0,1,PLUS 코스닥150액티브,8885,2,180,2.07,8893.0,-5.4832,20410,180,311,2026-09-30 01:19:51
469790,2,KIWOOM 코리아테크TOP10,44335,2,290,0.66,44384.0,-19.3295,48,2,310,2026-09-30 01:19:51
468630,6,KODEX iShares미국투자등급회사채액티브,10295,2,30,0.29,10285.0,-16.8702,11823,121,310,2026-09-30 01:19:51
494340,4,ACE 글로벌AI맞춤형반도체,20625,2,350,1.73,20596.0,-21.8991,7209,149,309,2026-09-30 01:19:51
395170,2,KODEX Top10동일가중,15430,2,75,0.49,15420.0,-25.0873,525,8,309,2026-09-30 01:19:51
139270,2,TIGER 200 금융,16725,5,-350,-2.05,16724.0,3.9468,2566,43,308,2026-09-30 01:19:51
426150,6,WON 대한민국국고채액티브,51080,2,100,0.2,51042.0,-1.2494,49,2,308,2026-09-30 01:19:51
0192T0,2,SOL 코스닥TOP10,7150,2,195,2.8,7155.0,-21.4569,60005,425,307,2026-09-30 01:19:51
0218J0,7,RISE 미국우주&로봇TOP2미국채혼합50,9030,2,85,0.95,8960.0,,30721,276,307,2026-09-30 01:19:51
153270,1,KIWOOM 코스피100,85175,2,450,0.53,85420.0,-22.8439,802,68,307,2026-09-30 01:19:51
459750,4,RISE 글로벌주식분산액티브,17480,2,90,0.52,17448.0,-10.0789,267,4,306,2026-09-30 01:19:51
174360,4,RISE 중국본토대형주CSI100,21840,2,230,1.06,21625.0,-21.189,478,10,306,2026-09-30 01:19:51
261060,2,TIGER 코스닥150IT,27610,2,440,1.62,27597.0,-1.0922,14003,386,304,2026-09-30 01:19:51
227540,2,TIGER 200 헬스케어,18200,5,-35,-0.19,18224.0,-4.2531,3937,71,302,2026-09-30 01:19:51
387270,4,TIGER 글로벌이노베이션액티브,25990,2,545,2.14,25927.0,-16.724,411,10,301,2026-09-30 01:19:51
0192M0,2,RISE 삼성전자단일종목레버리지,12155,2,25,0.21,12217.0,-42.7966,3233,39,301,2026-09-30 01:19:51
248270,4,TIGER S&P글로벌헬스케어(합성),25885,5,-30,-0.12,25940.0,-9.134,454,11,300,2026-09-30 01:19:51
476690,4,TIGER 글로벌비만치료제TOP2Plus,10000,2,10,0.1,10005.0,-16.7959,3260,32,300,2026-09-30 01:19:51
450190,4,KODEX 한중반도체(합성),49635,2,345,0.7,49832.0,-29.6461,9,0,298,2026-09-30 01:19:51
117680,2,KODEX 철강,12150,2,140,1.17,12164.0,2.5115,62187,754,298,2026-09-30 01:19:51
459790,4,KIWOOM 미국성장기업30액티브,20450,2,190,0.94,20341.0,-14.2253,43,0,297,2026-09-30 01:19:51
253250,3,KIWOOM 200선물레버리지,102200,2,1420,1.41,102255.0,-43.4297,195,19,296,2026-09-30 01:19:51
0155N0,2,HANARO K휴머노이드테마TOP10,7575,2,65,0.87,7581.0,-8.9145,18594,140,295,2026-09-30 01:19:51
464920,4,PLUS 일본반도체소부장,24595,2,815,3.43,24272.0,-21.167,4643,114,295,2026-09-30 01:19:51
245350,4,TIGER 유로스탁스배당30,18395,5,-140,-0.76,18428.0,-5.9627,198,3,294,2026-09-30 01:19:51
145850,2,TREX 펀더멘탈 200,117390,5,-430,-0.36,116943.0,-8.2267,2,0,293,2026-09-30 01:19:51
192720,2,파워 고배당저변동성,57025,5,-580,-1.01,57005.0,3.45,486,27,291,2026-09-30 01:19:51
256440,4,ACE MSCI인도네시아(합성),4755,5,-10,-0.21,4766.0,-12.3276,7854,37,290,2026-09-30 01:19:51
352560,7,KODEX 미국부동산리츠(H),11595,2,40,0.35,11543.0,-8.4531,2993,34,284,2026-09-30 01:19:51
415920,5,PLUS 글로벌희토류&전략자원생산기업,6035,2,25,0.42,5980.0,-33.2223,9889,59,284,2026-09-30 01:19:51
496770,4,PLUS 글로벌방산,15715,5,-70,-0.44,15750.0,-10.2105,2344,36,283,2026-09-30 01:19:51
489290,4,WON 미국빌리어네어,14725,2,105,0.72,14708.0,-6.6412,688,10,280,2026-09-30 01:19:51
0223R0,4,TIGER 미국테크NYSE100액티브,9615,2,125,1.32,9602.0,,9640,92,279,2026-09-30 01:19:51
289480,3,TIGER 200커버드콜,13255,2,105,0.8,13248.0,11.8322,71312,945,278,2026-09-30 01:19:51
0224X0,7,1Q 엔비디아알파벳미국채혼합50,9710,2,30,0.31,9646.0,,13569,131,277,2026-09-30 01:19:51
415340,4,KODEX 차이나과창판STAR50(합성),13360,2,10,0.07,13360.0,-33.2334,8325,111,277,2026-09-30 01:19:51
223190,2,KODEX 200가치저변동,27640,2,55,0.2,27666.0,-7.9371,78,2,276,2026-09-30 01:19:51
271060,5,KODEX 3대농산물선물(H),8855,2,5,0.06,8881.0,15.4598,3664,32,274,2026-09-30 01:19:51
0155M0,4,ACE 미국SMR원자력TOP10,6075,2,35,0.58,6026.0,-27.0532,9870,59,273,2026-09-30 01:19:51
476070,4,KODEX 글로벌비만치료제TOP2 Plus,10270,5,-100,-0.96,10299.0,-16.3665,3774,38,272,2026-09-30 01:19:51
0107F0,4,KIWOOM 미국고배당&AI테크,10800,5,-10,-0.09,10842.0,-13.2538,1098,11,270,2026-09-30 01:19:51
0049K0,7,ACE 미국배당퀄리티채권혼합50,10960,2,15,0.14,10927.0,-5.1372,1060,11,269,2026-09-30 01:19:51
0013R0,7,RISE 테슬라미국채타겟커버드콜혼합(합성),7370,5,-50,-0.67,7339.0,-18.3497,5282,38,265,2026-09-30 01:19:51
0137W0,4,KIWOOM 미국S&P500&GOLD,10155,5,-15,-0.15,10174.0,-8.2493,611,6,264,2026-09-30 01:19:51
167860,6,KIWOOM 국고채10년레버리지,90920,2,840,0.93,90799.0,-4.1142,1,0,264,2026-09-30 01:19:51
0239Z0,2,PLUS AI반도체소부장액티브,11715,2,5,0.04,11727.0,,108246,1272,264,2026-09-30 01:19:51
0152E0,2,SOL 배당성향탑픽액티브,10640,5,-105,-0.98,10643.0,-0.2602,427,4,261,2026-09-30 01:19:51
437350,6,RISE 미국단기투자등급회사채액티브,11820,2,5,0.04,11821.0,-13.3798,5879,69,260,2026-09-30 01:19:51
277540,4,ACE 아시아TOP50,32235,2,15,0.05,32487.0,-12.0634,1049,33,258,2026-09-30 01:19:51
440340,7,TIGER 글로벌멀티에셋TIF액티브,11440,5,-30,-0.26,11455.0,-13.7649,4726,54,257,2026-09-30 01:19:51
139250,2,TIGER 200 에너지화학,18115,2,395,2.23,18117.0,-3.8894,8202,147,257,2026-09-30 01:19:51
475380,7,RISE 글로벌리얼티인컴,9660,5,-25,-0.26,9622.0,-16.2877,1385,13,256,2026-09-30 01:19:51
0203S0,7,WON 삼성전자현대차채권혼합50,8520,2,5,0.06,8518.0,-10.132,2055,17,256,2026-09-30 01:19:51
0047R0,4,RISE 팔란티어고정테크100,15425,2,40,0.26,15456.0,5.1203,528,8,255,2026-09-30 01:19:51
483570,4,KCGI 미국S&P500 TOP10,15820,5,-65,-0.41,15826.0,-1.8536,615,9,253,2026-09-30 01:19:51
493420,4,SOL 미국배당다우존스2호,12040,5,-30,-0.25,12005.0,-8.9438,1303,15,253,2026-09-30 01:19:51
496120,1,ACE 코리아밸류업,33630,2,270,0.81,33559.0,-16.7899,142,4,252,2026-09-30 01:19:51
0209Z0,2,ACE 코리아AI전력TOP10,7195,2,150,2.13,7199.0,-15.0181,41156,295,252,2026-09-30 01:19:51
0115C0,4,RISE 미국고배당다우존스TOP10,10655,2,35,0.33,10597.0,-11.7076,1180,12,250,2026-09-30 01:19:51
481340,6,RISE 미국30년국채액티브,7940,5,-15,-0.19,7923.0,-21.3083,26232,207,250,2026-09-30 01:19:51
292500,1,SOL KRX300,49930,2,705,1.43,50134.0,-19.6755,30,1,250,2026-09-30 01:19:51
159800,1,마이티 코스피100,88120,2,1070,1.23,87918.0,-20.1706,2,0,247,2026-09-30 01:19:51
292160,1,TIGER KRX300,49250,2,925,1.91,49207.0,-19.4163,2822,138,246,2026-09-30 01:19:51
245360,4,TIGER 차이나HSCEI,11705,5,-30,-0.26,11751.0,-5.6954,2104,24,246,2026-09-30 01:19:51
0164G0,4,RISE 차이나AI반도체TOP4Plus,11695,5,-5,-0.04,11691.0,-36.9273,903,10,246,2026-09-30 01:19:51
0238C0,7,IBK 한미대표기업TOP2+채권혼합50액티브,10180,2,20,0.2,10163.0,,2078,21,244,2026-09-30 01:19:51
367740,2,HANARO Fn5G산업,44310,2,385,0.88,44307.0,-9.5636,164,7,244,2026-09-30 01:19:51
0097L0,7,KIWOOM 한국고배당&미국AI테크,12430,5,-25,-0.2,12430.0,-1.8133,700,8,242,2026-09-30 01:19:51
295020,6,RISE 국채선물10년인버스,61135,5,-105,-0.17,61180.0,2.5967,1,0,242,2026-09-30 01:19:51
185680,4,KODEX 미국S&P바이오(합성),45220,2,220,0.49,45416.0,-13.1861,4449,201,241,2026-09-30 01:19:51
368190,2,HANARO Fn K-뉴딜디지털플러스,7485,2,5,0.07,7501.0,-6.9652,374,2,240,2026-09-30 01:19:51
364690,1,KODEX 혁신기술테마액티브,39710,2,535,1.37,39611.0,-20.1003,11,0,238,2026-09-30 01:19:51
0093D0,7,KoAct 팔란티어밸류체인액티브,18320,2,320,1.78,18248.0,-12.3875,442,8,238,2026-09-30 01:19:51
0177A0,2,WON 두산그룹포커스,9255,2,105,1.15,9281.0,-11.8922,13353,123,236,2026-09-30 01:19:51
0103T0,2,1Q K소버린AI,8135,2,30,0.37,8128.0,-2.4082,23028,187,236,2026-09-30 01:19:51
195970,4,PLUS 선진국MSCI(합성 H),16125,5,-25,-0.15,16067.0,1.6362,1324,21,235,2026-09-30 01:19:51
414270,4,ACE 글로벌자율주행액티브,11210,5,-5,-0.04,11182.0,-16.7718,396,4,235,2026-09-30 01:19:51
0198D0,2,1Q SK하이닉스선물단일종목레버리지,9925,2,500,5.31,9924.0,-68.5204,7239,71,235,2026-09-30 01:19:51
442550,7,RISE TDF2030액티브 적격,14670,2,25,0.17,14609.0,-5.651,1664,24,235,2026-09-30 01:19:51
479850,2,HANARO K-뷰티,17375,5,-205,-1.17,17388.0,10.6356,10146,179,235,2026-09-30 01:19:51
138230,7,KIWOOM 미국달러선물,15935,2,35,0.22,15933.0,-11.7648,544,8,231,2026-09-30 01:19:51
0192S0,7,SOL 코스피200채권혼합50,9535,2,80,0.85,9542.0,-10.3824,93260,889,229,2026-09-30 01:19:51
388280,2,RISE K엔터&여행레저,6955,5,-35,-0.5,6945.0,-16.4376,2405,16,227,2026-09-30 01:19:51
0127R0,4,RISE 미국AI클라우드인프라,16750,2,455,2.79,16682.0,-18.8611,1228,20,226,2026-09-30 01:19:51
0047P0,4,RISE 테슬라고정테크100,14455,5,-25,-0.17,14440.0,-8.1466,515,7,224,2026-09-30 01:19:51
0206G0,7,1Q 현대차기아채권혼합50,7720,5,-25,-0.32,7728.0,-11.6372,10684,82,224,2026-09-30 01:19:51
376410,2,TIGER 탄소효율그린뉴딜,24870,2,375,1.53,24853.0,-17.2715,184,4,224,2026-09-30 01:19:51
375760,2,HANARO 탄소효율그린뉴딜,24755,2,355,1.45,24765.0,-17.7781,20,0,223,2026-09-30 01:19:51
280930,4,KODEX 미국러셀2000(H),15895,5,-15,-0.09,15866.0,-6.8229,1011,16,223,2026-09-30 01:19:51
419430,4,KODEX 차이나2차전지MSCI(합성),7910,5,-15,-0.19,7916.0,-30.7558,305,2,221,2026-09-30 01:19:51
300950,2,KODEX 게임산업,5260,5,-40,-0.75,5255.0,-8.2252,1791,9,221,2026-09-30 01:19:51
108590,1,TREX 200,110445,2,870,0.79,110567.0,-19.4758,4,0,221,2026-09-30 01:19:51
239660,6,PLUS 우량회사채50,121800,2,45,0.04,121792.0,0.5782,167,20,219,2026-09-30 01:19:51
225130,4,ACE 골드선물 레버리지(합성 H),43805,2,635,1.47,43578.0,3.031,353,15,219,2026-09-30 01:19:51
261120,7,TIGER 미국달러선물인버스2X,5470,5,-30,-0.55,5491.0,29.1079,3146,17,219,2026-09-30 01:19:51
411540,1,SOL 200 Top10,16685,2,95,0.57,16720.0,-18.5048,1018,16,217,2026-09-30 01:19:51
0186L0,4,KoAct 미국로봇피지컬AI액티브,9375,2,85,0.91,9368.0,-21.0706,3614,33,216,2026-09-30 01:19:51
433220,4,에셋플러스 글로벌대장장이액티브,28995,2,425,1.49,29086.0,-18.453,153,4,215,2026-09-30 01:19:51
0239Y0,2,PLUS 코리아HBM반도체,10725,2,155,1.47,10715.0,,120062,1285,215,2026-09-30 01:19:51
269420,4,KODEX S&P글로벌인프라(합성),20735,2,120,0.58,20611.0,-20.2052,1910,39,214,2026-09-30 01:19:51
447660,7,PLUS 애플채권혼합,13785,5,-75,-0.54,13777.0,1.8671,10427,144,214,2026-09-30 01:19:51
464600,2,SOL 자동차소부장Fn,23720,2,345,1.48,23718.0,-14.1257,715,16,213,2026-09-30 01:19:51
0026E0,4,KODEX 미국S&P500버퍼3월액티브,11520,5,-40,-0.35,11610.0,-8.5805,15,0,213,2026-09-30 01:19:51
469160,4,ACE 일본반도체,25050,2,480,1.95,25107.0,-24.493,10976,273,213,2026-09-30 01:19:51
461600,6,SOL 미국30년국채액티브(H),7977,5,-3,-0.04,7977.0,-9.1634,1556,12,211,2026-09-30 01:19:51
337120,2,KODEX 멀티팩터,35090,2,525,1.52,35065.0,-19.3067,111,3,211,2026-09-30 01:19:51
0231Z0,7,KODEX 코리아TDF2065액티브 적격,10410,2,115,1.12,10428.0,,9426,98,208,2026-09-30 01:19:51
0223A0,2,RISE 코스닥커버드콜액티브,11540,2,110,0.96,11544.0,,59869,690,208,2026-09-30 01:19:51
471460,6,KIWOOM 국고채30년액티브,45120,2,40,0.09,45259.0,-3.2802,390,17,208,2026-09-30 01:19:51
0190M0,4,KIWOOM 미국AI테크하이베타,8625,2,150,1.77,8579.0,-26.0794,651,5,207,2026-09-30 01:19:51
253290,7,RISE 헬스케어채권혼합,11490,2,85,0.75,11506.0,-6.1317,478,5,207,2026-09-30 01:19:51
304770,1,HANARO 코스닥150,14535,2,235,1.64,14609.0,-14.3457,2125,30,206,2026-09-30 01:19:51
226980,1,KODEX 200 중소형,22925,5,-105,-0.46,22985.0,-3.0911,426,9,206,2026-09-30 01:19:51
204450,4,KODEX 차이나H레버리지(H),2140,5,-20,-0.93,2169.0,11.8591,2891,6,205,2026-09-30 01:19:51
289040,2,KODEX MSCI KOREA ESG유니버설,34225,2,380,1.12,34210.0,-17.6976,2,0,205,2026-09-30 01:19:51
461450,1,KODEX 코스닥글로벌,15790,2,380,2.47,15782.0,-15.7694,3946,61,205,2026-09-30 01:19:51
152380,6,KODEX 국채선물10년,64475,2,90,0.14,64483.0,-1.5596,120,7,205,2026-09-30 01:19:51
371450,4,TIGER 글로벌클라우드컴퓨팅INDXX,13485,2,25,0.19,13501.0,7.7662,1303,17,205,2026-09-30 01:19:51
0193L0,2,PLUS 삼성전자선물단일종목인버스2X,7820,5,-60,-0.76,7862.0,-37.0859,242134,1883,205,2026-09-30 01:19:51
300640,2,RISE 게임테마,6290,5,-35,-0.55,6282.0,-2.5135,2560,16,204,2026-09-30 01:19:51
289250,2,TIGER MSCI KOREA ESG유니버설,35450,2,430,1.23,35572.0,-18.4826,7800,277,202,2026-09-30 01:19:51
477730,4,KODEX 인도타타그룹,6835,5,-45,-0.65,6832.0,-17.1303,153,1,202,2026-09-30 01:19:51
489000,6,PLUS 일본엔화초단기국채(합성),9150,2,25,0.27,9163.0,-9.4743,8133,73,201,2026-09-30 01:19:51
417630,2,TIGER KEDI혁신기업ESG30,19115,2,65,0.34,19112.0,-9.3721,530,10,201,2026-09-30 01:19:51
0241R0,7,TIGER 현대차LG전자고정피지컬AI밸류체인,9970,2,30,0.3,9982.0,,56934,568,199,2026-09-30 01:19:51
404120,2,TIME K신재생에너지액티브,24900,2,515,2.11,25001.0,-15.8268,4367,108,199,2026-09-30 01:19:51
091220,2,TIGER 은행,16880,5,-430,-2.48,16903.0,15.5441,14168,243,199,2026-09-30 01:19:51
463300,4,RISE 중국본토CSI300,12420,2,90,0.73,12417.0,-19.6029,296,3,199,2026-09-30 01:19:51
364990,2,TIGER 게임TOP10,4415,2,10,0.23,4411.0,-10.1937,14591,64,199,2026-09-30 01:19:51
379790,4,RISE 유로스탁스50(H),17235,2,85,0.5,17183.0,0.5829,5838,100,198,2026-09-30 01:19:51
437070,6,KODEX 아시아달러채권ESG플러스액티브,56670,2,65,0.11,56627.0,-14.5404,215,12,196,2026-09-30 01:19:51
456680,4,TIGER 차이나전기차레버리지(합성),4805,5,-10,-0.21,4809.0,-47.4345,1027,4,196,2026-09-30 01:19:51
0067V0,4,TIGER 차이나글로벌리더스TOP3+,8885,2,65,0.74,8894.0,-23.2042,2520,22,195,2026-09-30 01:19:51
416090,4,ACE 중국과창판STAR50,12110,2,120,1.0,12048.0,-34.1752,647,7,194,2026-09-30 01:19:51
465670,4,TIGER 미국캐시카우100,15455,2,10,0.06,15577.0,-5.9386,6859,105,193,2026-09-30 01:19:51
0153X0,4,PLUS 미국고배당주액티브,10430,5,-55,-0.52,10422.0,-7.81,3414,35,193,2026-09-30 01:19:51
304760,1,HANARO KRX300,48215,2,710,1.49,48251.0,-19.6041,9,0,193,2026-09-30 01:19:51
438320,4,TIGER 차이나항셍테크레버리지(합성 H),4450,5,-5,-0.11,4442.0,-9.1744,2001,8,192,2026-09-30 01:19:51
284980,2,RISE 200금융,22250,5,-465,-2.05,22240.0,4.0115,698,15,191,2026-09-30 01:19:51
404260,2,KODEX 기후변화솔루션,23910,2,310,1.31,24042.0,-12.0474,5,0,191,2026-09-30 01:19:51
169950,4,KODEX 차이나A50,23900,3,0,0.0,24080.0,-18.6799,183,4,191,2026-09-30 01:19:51
228820,1,TIGER KTOP30,18980,2,50,0.26,18954.0,-14.8712,379,7,190,2026-09-30 01:19:51
183710,7,RISE 주식혼합,94650,2,1090,1.17,94237.0,-14.2831,4,0,189,2026-09-30 01:19:51
487950,4,KODEX 대만테크고배당다우존스,13025,2,30,0.23,12975.0,-7.1294,1727,22,189,2026-09-30 01:19:51
229720,1,KODEX KTOP30,37520,2,190,0.51,37559.0,-15.9169,207,7,188,2026-09-30 01:19:51
461910,4,PLUS 미국테크TOP10레버리지(합성),37355,5,-285,-0.76,37318.0,-3.5367,9,0,187,2026-09-30 01:19:51
497780,4,KoAct 미국천연가스인프라액티브,9720,5,-95,-0.97,9722.0,-16.3619,7704,74,185,2026-09-30 01:19:51
445910,2,TIGER MKF배당귀족,20460,3,0,0.0,20467.0,0.7947,1343,27,184,2026-09-30 01:19:51
213630,4,PLUS 미국다우존스고배당주(합성 H),19950,2,55,0.28,19884.0,-3.4224,2111,42,184,2026-09-30 01:19:51
276000,4,TIGER 글로벌자원생산기업(합성 H),20300,2,40,0.2,20214.0,8.6909,322,6,183,2026-09-30 01:19:51
445690,2,BNK 주주가치액티브,30435,5,-30,-0.1,30458.0,-13.8677,39,1,183,2026-09-30 01:19:51
461900,4,PLUS 미국테크TOP10,22770,2,75,0.33,22694.0,-0.7001,128,2,182,2026-09-30 01:19:51
0104P0,2,TIGER 코리아배당다우존스위클리커버드콜,10715,5,-155,-1.43,10728.0,3.5111,1965,21,182,2026-09-30 01:19:51
381560,2,HANARO Fn전기&수소차,17240,2,240,1.41,17297.0,-12.9078,132,2,181,2026-09-30 01:19:51
227830,1,PLUS 코스피,72185,2,910,1.28,72047.0,-18.3106,2,0,180,2026-09-30 01:19:51
0018Z0,4,RISE 미국양자컴퓨팅,18035,2,115,0.64,17974.0,-14.8079,517,9,180,2026-09-30 01:19:51
407310,1,HANARO 200 TOP10,16355,2,200,1.24,16369.0,-18.6847,131,2,180,2026-09-30 01:19:51
0198B0,2,1Q 삼성전자선물단일종목레버리지,12345,2,50,0.41,12464.0,-44.3666,6205,77,177,2026-09-30 01:19:51
449580,7,RISE 테슬라애플아마존채권혼합,16045,5,-10,-0.06,15990.0,-2.466,3376,54,176,2026-09-30 01:19:51
0144M0,4,KODEX 미국드론UAM TOP10,6410,5,-80,-1.23,6374.0,-24.71,12083,77,176,2026-09-30 01:19:51
292050,1,RISE KRX300,50365,2,520,1.04,50413.0,-19.3904,65,3,176,2026-09-30 01:19:51
385600,2,ACE 2차전지&친환경차액티브,11705,2,95,0.82,11709.0,-12.2781,782,9,176,2026-09-30 01:19:51
289260,2,TIGER MSCI KOREA ESG리더스,29210,2,275,0.95,29267.0,-17.8917,1,0,175,2026-09-30 01:19:51
195920,4,TIGER 일본TOPIX(합성 H),34970,5,-110,-0.31,34991.0,2.5431,312,10,175,2026-09-30 01:19:51
391670,1,HK 베스트일레븐액티브,29025,3,0,0.0,29559.0,-22.4449,0,0,174,2026-09-30 01:19:51
225060,4,TIGER 이머징마켓MSCI레버리지(합성 H),16350,2,120,0.74,16440.0,-0.46,1,0,173,2026-09-30 01:19:51
0065G0,4,KODEX 차이나테크TOP10,8042,2,27,0.34,8078.0,-14.7529,547,4,173,2026-09-30 01:19:51
0086C0,7,TIGER 리츠부동산인프라10채권혼합액티브,9815,5,-5,-0.05,9810.0,0.7137,138,1,172,2026-09-30 01:19:51
0203R0,6,WON 중단기종합채권(A-이상)액티브,50405,2,5,0.01,50426.0,0.5185,2,0,171,2026-09-30 01:19:51
0105D0,2,SOL 한국AI소프트웨어,8970,5,-10,-0.11,8982.0,-6.1651,649,5,170,2026-09-30 01:19:51
468370,6,KODEX iShares미국인플레이션국채액티브,10180,2,25,0.25,10165.0,-14.989,360,3,170,2026-09-30 01:19:51
457690,6,KODEX 33-06 국고채액티브,10450,2,20,0.19,10452.0,-0.8084,22308,233,169,2026-09-30 01:19:51
415760,4,SOL 차이나육성산업액티브(합성),12360,2,175,1.44,12413.0,-34.2596,626,7,168,2026-09-30 01:19:51
483330,4,ACE 마이크로소프트밸류체인액티브,15155,2,145,0.97,15097.0,2.9845,2212,33,167,2026-09-30 01:19:51
460660,4,RISE 미국S&P배당킹,11095,5,-100,-0.89,11113.0,-14.6586,2750,30,166,2026-09-30 01:19:51
477490,4,에셋플러스 글로벌일등기업포커스10액티브,18490,2,150,0.82,18467.0,-15.5812,11,0,166,2026-09-30 01:19:51
0233N0,4,RISE 글로벌AI낸드메모리반도체,11050,2,110,1.01,11106.0,,6531,72,166,2026-09-30 01:19:51
494420,2,PLUS 미국배당증가성장주데일리커버드콜,8665,2,45,0.52,8637.0,-12.9618,1111,9,165,2026-09-30 01:19:51
451600,6,PLUS 국고채30년액티브,84295,2,185,0.22,84224.0,-3.0377,1,0,164,2026-09-30 01:19:51
474920,4,에셋플러스 차이나일등기업포커스10액티브,17330,3,0,0.0,17358.0,-17.4762,11,0,163,2026-09-30 01:19:51
250730,4,RISE 차이나HSCEI(H),9505,5,-165,-1.71,9718.0,8.5906,31,0,162,2026-09-30 01:19:51
419650,4,PLUS 글로벌수소&차세대연료전지,4820,2,125,2.66,4752.0,-25.1197,10168,49,159,2026-09-30 01:19:51
131890,2,ACE 삼성그룹동일가중,39670,2,230,0.58,39633.0,-9.4998,344,13,159,2026-09-30 01:19:51
265690,4,ACE 러시아MSCI(합성),8535,3,0,0.0,48.0,0.0,0,0,158,2026-09-30 01:19:51
130680,5,TIGER 원유선물Enhanced(H),7655,5,-355,-4.43,7674.0,40.0349,8217,62,157,2026-09-30 01:19:51
219390,4,RISE 미국S&P원유생산기업(합성 H),7815,5,-35,-0.45,7876.0,14.9341,4938,38,156,2026-09-30 01:19:51
488290,4,MIDAS 일본테크액티브,44500,2,955,2.19,44516.0,-25.1997,185,8,156,2026-09-30 01:19:51
432840,4,HANARO 미국S&P500,19435,2,65,0.34,19386.0,-8.6443,270,5,155,2026-09-30 01:19:51
332620,6,PLUS 미국장기우량회사채,82950,2,20,0.02,82947.0,-19.2589,98,8,155,2026-09-30 01:19:51
484890,6,SOL 머니마켓액티브,52660,2,10,0.02,52655.0,0.7173,5167,272,155,2026-09-30 01:19:51
413930,2,WON AI ESG액티브,27975,2,400,1.45,27948.0,-21.2706,50,1,154,2026-09-30 01:19:51
0193K0,2,PLUS 삼성전자단일종목레버리지,13310,2,140,1.06,13278.0,-42.3002,6545,87,153,2026-09-30 01:19:51
491510,2,파워 K-주주가치액티브,17760,5,-150,-0.84,17750.0,2.0579,12,0,151,2026-09-30 01:19:51
114460,6,ACE 국고채3년,100050,2,155,0.16,100029.0,0.0384,51,5,150,2026-09-30 01:19:51
337150,2,KODEX 200exTOP,24950,2,225,0.91,24909.0,-11.2645,26,0,150,2026-09-30 01:19:51
0222F0,2,마이티 AI데이터센터밸류체인,12965,2,40,0.31,12999.0,,5727,74,149,2026-09-30 01:19:51
0207Z0,4,KIWOOM 미국우주데이터센터인프라,7090,2,90,1.29,7069.0,-20.904,1696,11,149,2026-09-30 01:19:51
244620,2,KODEX 모멘텀Plus,21180,5,-115,-0.54,21324.0,-13.0639,2033,43,148,2026-09-30 01:19:51
387280,2,TIGER 퓨처모빌리티액티브,11645,2,135,1.17,11656.0,-12.4049,247,2,148,2026-09-30 01:19:51
453010,7,PLUS KOFR금리,110105,2,10,0.01,110113.0,0.6905,6955,765,148,2026-09-30 01:19:51
0051A0,4,KoAct 브로드컴밸류체인액티브,24505,2,290,1.2,24607.0,-15.8032,731,17,147,2026-09-30 01:19:51
0084E0,7,KIWOOM 미국대형주500월간목표헤지액티브,9970,5,-25,-0.25,9941.0,-11.7846,3,0,145,2026-09-30 01:19:51
104520,2,KIWOOM 블루칩,14450,5,-20,-0.14,14490.0,-6.5048,414,5,145,2026-09-30 01:19:51
234310,2,RISE V&S셀렉트밸류,28800,2,435,1.53,28573.0,-7.0762,51,1,144,2026-09-30 01:19:51
0088N0,2,WON K-글로벌수급상위,11440,2,140,1.24,11436.0,-7.1488,3040,34,143,2026-09-30 01:19:51
236350,4,TIGER 인도니프티50레버리지(합성),22955,2,170,0.75,23024.0,-36.5586,77,1,142,2026-09-30 01:19:51
404650,2,SOL KRX기후변화솔루션,23720,2,370,1.58,23831.0,-13.7129,123,2,142,2026-09-30 01:19:51
453630,4,KODEX 미국S&P500필수소비재,11785,2,15,0.13,11805.0,-14.5042,958,11,141,2026-09-30 01:19:51
0090B0,2,PLUS K방산소부장,7205,2,85,1.19,7232.0,-14.2169,174431,1242,140,2026-09-30 01:19:51
438900,2,HANARO Fn K-푸드,10800,5,-100,-0.92,10804.0,2.1535,2169,23,140,2026-09-30 01:19:51
487750,2,BNK 온디바이스AI,34670,2,180,0.52,34666.0,-13.4179,4503,156,139,2026-09-30 01:19:51
485810,4,TIME 글로벌바이오액티브,12030,2,60,0.5,11973.0,1.2262,4251,51,138,2026-09-30 01:19:51
373490,2,KODEX 코리아혁신성장액티브,25150,2,280,1.13,25113.0,-17.1,116,2,138,2026-09-30 01:19:51
496130,1,TRUSTON 코리아밸류업액티브,25555,2,270,1.07,25517.0,-17.6653,4,0,138,2026-09-30 01:19:51
0153P0,2,ACE 리츠부동산인프라액티브,9420,5,-10,-0.11,9407.0,2.4711,172,1,137,2026-09-30 01:19:51
137610,5,TIGER 농산물선물Enhanced(H),5795,2,45,0.78,5798.0,14.4278,1750,10,133,2026-09-30 01:19:51
0127V0,4,KIWOOM 미국S&P500 TOP10&배당다우비중전환,10645,2,35,0.33,10596.0,-3.9722,113,1,133,2026-09-30 01:19:51
472720,1,TRUSTON 주주가치액티브,25570,2,5,0.02,25536.0,-13.995,37,0,133,2026-09-30 01:19:51
102960,2,KODEX 기계장비,13280,2,180,1.37,13295.0,-15.9718,2301,30,133,2026-09-30 01:19:51
417450,4,RISE 글로벌수소경제,15300,2,65,0.43,15362.0,-16.6754,11764,179,130,2026-09-30 01:19:51
0127T0,4,KIWOOM 미국S&P500&배당다우존스비중전환,10805,2,10,0.09,10751.0,-8.7255,146,1,130,2026-09-30 01:19:51
279540,2,KODEX 최소변동성,21475,2,100,0.47,21531.0,-10.7316,1063,22,129,2026-09-30 01:19:51
0004G0,4,1Q 미국배당TOP30,8560,5,-40,-0.47,8495.0,-10.5895,935,7,128,2026-09-30 01:19:51
363510,6,SOL KIS단기통안채,112290,3,0,0.0,112310.0,0.5282,0,0,128,2026-09-30 01:19:51
360150,2,KODEX 코스닥150롱코스피200숏선물,3120,2,5,0.16,3140.0,2.2988,4283,13,128,2026-09-30 01:19:51
0208N0,1,IBK 코스피액티브,7740,2,125,1.64,7743.0,-20.842,3908,30,128,2026-09-30 01:19:51
453820,4,KODEX 인도Nifty50레버리지(합성),9805,2,20,0.2,9808.0,-32.9336,1018,9,127,2026-09-30 01:19:51
0013P0,4,RISE 미국은행TOP10,11580,5,-80,-0.69,11609.0,-14.9292,2411,27,127,2026-09-30 01:19:51
290080,3,RISE 200고배당커버드콜ATM,7265,5,-65,-0.89,7257.0,32.5055,888,6,127,2026-09-30 01:19:51
0242S0,2,파워 SK그룹,10545,2,130,1.25,10567.0,,5525,58,127,2026-09-30 01:19:51
409810,4,KODEX 미국나스닥100선물인버스(H),5380,5,-30,-0.55,5388.0,-2.3466,14142,75,126,2026-09-30 01:19:51
140710,2,KODEX 운송,6650,2,35,0.53,6667.0,8.2297,3573,23,126,2026-09-30 01:19:51
0028X0,4,KODEX 미국금융테크액티브,10940,2,5,0.05,10939.0,-6.7828,154,1,126,2026-09-30 01:19:51
300610,2,TIGER K게임,5330,5,-80,-1.48,5333.0,-1.5469,1838,9,125,2026-09-30 01:19:51
166400,3,TIGER 200커버드콜OTM,25045,2,355,1.44,25121.0,3.3558,531,13,125,2026-09-30 01:19:51
0194R0,2,KIWOOM SK하이닉스선물단일종목레버리지,9240,2,430,4.88,9306.0,-68.0052,11099,101,125,2026-09-30 01:19:51
489860,4,KIWOOM 글로벌전력GRID인프라,14670,2,95,0.65,14619.0,-15.7377,449,6,125,2026-09-30 01:19:51
410870,2,TIME K컬처액티브,8900,5,-75,-0.84,8916.0,-16.7054,639,5,125,2026-09-30 01:19:51
0015F0,7,KIWOOM 팔란티어미국30년국채혼합액티브(H),10295,5,-55,-0.53,10337.0,4.4184,928,9,124,2026-09-30 01:19:51
453060,6,HANARO KOFR금리액티브(합성),111675,3,0,0.0,111672.0,0.7169,0,0,123,2026-09-30 01:19:51
0220A0,7,KIWOOM 현대차그룹TOP3채권혼합50,8720,5,-10,-0.11,8727.0,,5395,47,122,2026-09-30 01:19:51
0104G0,2,PLUS K방산레버리지,5300,2,140,2.71,5303.0,-41.3637,15352,81,122,2026-09-30 01:19:51
435550,7,KIWOOM TDF2050액티브 적격,17360,2,60,0.35,17311.0,-11.3779,91,1,122,2026-09-30 01:19:51
251590,2,PLUS 고배당저변동50,17275,3,0,0.0,17228.0,5.2707,148,2,121,2026-09-30 01:19:51
457700,6,KODEX 53-09 국고채액티브,9155,2,45,0.49,9150.0,-2.723,570,5,121,2026-09-30 01:19:51
140580,2,RISE 우량업종대표주,24095,2,95,0.4,23976.0,-11.0288,1,0,120,2026-09-30 01:19:51
404540,2,TIGER KRX기후변화솔루션,23975,2,565,2.41,24042.0,-12.9752,9,0,120,2026-09-30 01:19:51
396510,4,TIGER 차이나클린에너지SOLACTIVE,6630,2,40,0.61,6649.0,-28.7183,234,1,119,2026-09-30 01:19:51
400570,4,KODEX 유럽탄소배출권선물ICE(H),11715,5,-55,-0.47,11779.0,7.0486,1117,13,118,2026-09-30 01:19:51
395760,2,PLUS ESG성장주액티브,21455,3,0,0.0,21841.0,-17.4808,0,0,118,2026-09-30 01:19:51
282000,3,RISE 국고채3년선물인버스,115395,5,-75,-0.06,115394.0,1.1519,3,0,118,2026-09-30 01:19:51
332610,6,PLUS 미국단기회사채(AAA~A),122300,5,-180,-0.15,122659.0,-11.7285,38,4,117,2026-09-30 01:19:51
0203D0,7,PLUS 200위클리커버드콜채권혼합,8990,2,45,0.5,8995.0,-9.9881,1362,12,117,2026-09-30 01:19:51
266410,2,KODEX 필수소비재,9470,5,-75,-0.79,9478.0,6.7643,1837,17,114,2026-09-30 01:19:51
430500,7,KIWOOM 물가채KIS,112270,2,280,0.25,112110.0,-1.1606,8,0,112,2026-09-30 01:19:51
453660,4,KODEX 미국S&P500경기소비재,16005,2,65,0.41,16046.0,-16.2902,134,2,112,2026-09-30 01:19:51
428560,4,KODEX 미국ETF산업Top10 Indxx,14905,5,-75,-0.5,14901.0,-3.061,565,8,112,2026-09-30 01:19:51
269370,4,TIGER S&P글로벌인프라(합성),15915,5,-50,-0.31,15863.0,-19.4104,21,0,111,2026-09-30 01:19:51
269530,4,PLUS S&P글로벌인프라,18505,3,0,0.0,18514.0,-19.5889,1286,23,111,2026-09-30 01:19:51
448490,6,HANARO 32-10 국고채액티브,52675,2,205,0.39,52654.0,-1.1772,17,0,111,2026-09-30 01:19:51
407820,2,에셋플러스 코리아플랫폼액티브,6135,2,25,0.41,6135.0,-16.3587,45,0,110,2026-09-30 01:19:51
252650,1,KODEX 200동일가중,18350,2,130,0.71,18383.0,-2.8543,296,5,110,2026-09-30 01:19:51
0000H0,2,KODEX 인도Nifty미드캡100,9565,5,-10,-0.1,9565.0,-17.2004,51,0,110,2026-09-30 01:19:51
354240,7,RISE 미국고정배당우선증권,9965,5,-50,-0.5,9924.0,-16.6112,213,2,110,2026-09-30 01:19:51
0191S0,1,IBK 코스닥150,14695,2,180,1.24,14727.0,-13.4983,2373,34,109,2026-09-30 01:19:51
0002C0,4,에셋플러스 인도일등기업포커스20액티브,9930,2,70,0.71,9932.0,-7.2873,353,3,107,2026-09-30 01:19:51
446700,2,RISE 배터리 리사이클링,10295,2,190,1.88,10314.0,-4.6249,254,2,107,2026-09-30 01:19:51
252000,1,TIGER 200동일가중,19260,2,210,1.1,19237.0,-2.9562,956,18,106,2026-09-30 01:19:51
0227L0,4,HANARO 미국에이전틱AI TOP2+,10570,2,60,0.57,10557.0,,4589,48,106,2026-09-30 01:19:51
272570,6,RISE 중장기국공채액티브,107675,2,210,0.2,107607.0,-0.2414,1,0,106,2026-09-30 01:19:51
464610,2,SOL 의료기기소부장Fn,6775,2,60,0.89,6781.0,-21.7366,3127,21,105,2026-09-30 01:19:51
451150,4,에셋플러스 글로벌영에이지액티브,16925,2,100,0.59,16882.0,-14.5289,2,0,105,2026-09-30 01:19:51
419420,4,KODEX 미국클린에너지나스닥,8700,2,200,2.35,8670.0,-26.5253,2234,19,104,2026-09-30 01:19:51
280920,2,PLUS 주도업종,23100,2,110,0.48,23153.0,-17.2873,2,0,104,2026-09-30 01:19:51
0216Z0,2,ACE K방산TOP5+,8650,2,125,1.47,8644.0,,6580,56,104,2026-09-30 01:19:51
0068M0,4,KODEX 미국S&P500버퍼6월액티브,11510,5,-105,-0.9,11621.0,-7.8175,10,0,104,2026-09-30 01:19:51
140570,2,RISE 수출주,25860,2,435,1.71,25892.0,-8.0969,256,6,103,2026-09-30 01:19:51
0113G0,4,KoAct 미국바이오헬스케어액티브,11475,5,-35,-0.3,11550.0,-2.7461,871,9,103,2026-09-30 01:19:51
435040,4,ACE 글로벌브랜드TOP10,18740,2,5,0.03,18694.0,-8.7812,23,0,103,2026-09-30 01:19:51
0189Z0,2,DAISHIN 금융&지주고배당,10265,5,-100,-0.96,10270.0,7.8863,126,1,103,2026-09-30 01:19:51
385710,2,TIME K이노베이션액티브,10255,2,165,1.64,10261.0,-21.783,46,0,103,2026-09-30 01:19:51
310080,4,RISE 중국MSCI China(H),8900,5,-20,-0.22,8962.0,2.411,44,0,102,2026-09-30 01:19:51
0093B0,4,RISE 엔비디아고정테크100,12785,2,145,1.15,12716.0,-4.3486,52,0,102,2026-09-30 01:19:51
237440,7,TIGER 경기방어채권혼합,10140,2,80,0.8,10133.0,-0.1489,3265,33,101,2026-09-30 01:19:51
438740,2,MIDAS 중소형액티브,33765,3,0,0.0,34323.0,-11.4709,0,0,101,2026-09-30 01:19:51
463640,4,KODEX 미국S&P500유틸리티,12615,2,195,1.57,12557.0,-24.7102,349,4,101,2026-09-30 01:19:51
482030,2,KoAct 반도체&2차전지핵심소재액티브,9595,2,205,2.18,9623.0,-10.7839,4797,45,101,2026-09-30 01:19:51
460270,6,KIWOOM 미국달러SOFR금리액티브(합성),12420,2,40,0.32,12398.0,-10.807,4,0,101,2026-09-30 01:19:51
291130,4,ACE MSCI멕시코(합성),16710,2,50,0.3,16821.0,-16.1972,25,0,100,2026-09-30 01:19:51
371870,4,ACE 차이나항셍테크,6170,5,-30,-0.48,6167.0,-14.3647,2497,15,99,2026-09-30 01:19:51
0219B0,2,KoAct 광통신&위성네트워크액티브,12270,2,275,2.29,12265.0,,32353,396,98,2026-09-30 01:19:51
281990,2,RISE 중소형고배당,17705,2,15,0.08,17695.0,3.5548,21,0,97,2026-09-30 01:19:51
0001P0,2,마이티 바이오시밀러&CDMO액티브,8640,2,30,0.35,8676.0,-16.7312,135,1,97,2026-09-30 01:19:51
461580,1,TIGER 코스닥글로벌,16070,2,165,1.04,16109.0,-14.7871,6160,98,96,2026-09-30 01:19:51
230480,7,KIWOOM 미국달러선물인버스2X,4785,5,-5,-0.1,4794.0,28.7634,23,0,96,2026-09-30 01:19:51
0224D0,4,KIWOOM 미국CPU반도체TOP4+,10675,2,15,0.14,10663.0,,40952,437,96,2026-09-30 01:19:51
463690,4,KODEX 미국S&P500커뮤니케이션,17465,2,110,0.63,17537.0,-8.3132,231,4,96,2026-09-30 01:19:51
181480,7,ACE 미국부동산리츠(합성 H),79805,2,370,0.47,79690.0,-8.112,5,0,96,2026-09-30 01:19:51
0120J0,2,BNK 카카오그룹포커스,7645,5,-45,-0.59,7648.0,0.0,860,6,96,2026-09-30 01:19:51
301400,1,PLUS 코스닥150,14645,2,240,1.67,14749.0,-14.6624,209,3,95,2026-09-30 01:19:51
429010,4,TIGER 미국나스닥넥스트100,18910,2,65,0.34,18791.0,-13.5749,58,1,95,2026-09-30 01:19:51
139240,2,TIGER 200 철강소재,10665,2,65,0.61,10693.0,2.4154,41019,437,94,2026-09-30 01:19:51
0194N0,2,KIWOOM 삼성전자선물단일종목레버리지,12105,2,125,1.04,12093.0,-43.2109,28,0,94,2026-09-30 01:19:51
0094L0,4,RISE 차이나테크TOP10위클리타겟커버드콜,6675,5,-65,-0.96,6725.0,-12.0354,895,5,93,2026-09-30 01:19:51
487910,4,ACE 인도컨슈머파워액티브,7785,5,-60,-0.76,7785.0,-15.2808,1016,7,93,2026-09-30 01:19:51
117690,4,TIGER 차이나항셍30,18605,5,-5,-0.03,18729.0,-4.6619,296,5,93,2026-09-30 01:19:51
0227K0,4,RISE 미국우주위성통신,9290,2,230,2.54,9245.0,,290,2,93,2026-09-30 01:19:51
261110,7,TIGER 미국달러선물레버리지,15465,2,20,0.13,15449.0,-22.2111,115,1,93,2026-09-30 01:19:51
354350,4,HANARO 글로벌럭셔리S&P(합성),17745,2,85,0.48,17747.0,-19.9819,193,3,92,2026-09-30 01:19:51
498050,2,HANARO 바이오코리아액티브,9645,2,35,0.36,9644.0,-28.0689,535,5,92,2026-09-30 01:19:51
341850,7,TIGER 리츠부동산인프라채권,4555,3,0,0.0,4557.0,2.4505,170,0,91,2026-09-30 01:19:51
0174R0,4,KIWOOM 미국성장다우존스,11325,2,35,0.31,11287.0,-5.0024,135,1,91,2026-09-30 01:19:51
217780,4,TIGER 차이나CSI300인버스(합성),5825,3,0,0.0,5899.0,23.411,1377,8,90,2026-09-30 01:19:51
456250,4,KODEX 유럽명품TOP10 STOXX,7845,5,-10,-0.13,7833.0,-21.2601,660,5,90,2026-09-30 01:19:51
399580,4,RISE 글로벌클린에너지,9005,2,100,1.12,8975.0,-22.5487,1163,10,90,2026-09-30 01:19:51
0084D0,7,KIWOOM 미국테크100월간목표헤지액티브,11245,2,80,0.72,11212.0,-12.8173,3,0,90,2026-09-30 01:19:51
497510,4,ACE 글로벌빅파마,12715,5,-65,-0.51,12704.0,-10.011,622,7,89,2026-09-30 01:19:51
494180,4,TIME 글로벌소비트렌드액티브,12710,2,50,0.39,12682.0,-9.6038,3,0,89,2026-09-30 01:19:51
395150,2,KODEX 웹툰&드라마,1853,2,1,0.05,1856.0,4.1034,1154,2,89,2026-09-30 01:19:51
266390,2,KODEX 경기소비재,14735,5,-185,-1.24,14741.0,-6.7664,243,3,88,2026-09-30 01:19:51
381570,2,HANARO Fn친환경에너지,10395,2,300,2.97,10384.0,-6.3544,4552,46,88,2026-09-30 01:19:51
466810,2,BNK 2차전지양극재,5860,2,90,1.56,5883.0,-8.4127,6637,38,88,2026-09-30 01:19:51
270800,2,RISE KQ고배당,15935,2,70,0.44,16001.0,-0.5269,272,4,88,2026-09-30 01:19:51
0216K0,7,KIWOOM 미국우주테크TOP2채권혼합50,8745,2,45,0.52,8770.0,,3779,33,87,2026-09-30 01:19:51
0221Z0,2,ACE K바이오코스닥액티브,9195,2,95,1.04,9224.0,,1998,18,87,2026-09-30 01:19:51
215620,2,HK S&P코리아로우볼,16065,3,0,0.0,16044.0,5.103,0,0,87,2026-09-30 01:19:51
174350,2,TIGER 로우볼,20620,5,-195,-0.94,20584.0,7.2328,5131,106,87,2026-09-30 01:19:51
0226G0,2,WON 피지컬AI TOP2플러스액티브,12365,2,115,0.94,12338.0,,57,0,87,2026-09-30 01:19:51
105010,4,TIGER 라틴35,6080,5,-60,-0.98,6121.0,-11.4923,607,3,85,2026-09-30 01:19:51
0133E0,4,TIGER 차이나증권,8090,5,-20,-0.25,8094.0,-18.0809,238,1,85,2026-09-30 01:19:51
0008E0,4,ACE 미국중심중소형제조업,11300,2,115,1.03,11284.0,-29.6763,81,0,85,2026-09-30 01:19:51
0184N0,7,PLUS 은채권혼합,8460,2,30,0.36,8487.0,-4.259,3132,26,85,2026-09-30 01:19:51
435540,7,KIWOOM TDF2040액티브 적격,16860,2,60,0.36,16802.0,-11.6361,126,2,84,2026-09-30 01:19:51
497520,4,ACE 일라이릴리밸류체인,12945,5,-85,-0.65,12952.0,-6.1916,822,10,84,2026-09-30 01:19:51
375270,7,RISE 글로벌데이터센터리츠(합성),12915,2,125,0.98,12805.0,-23.7329,133,1,84,2026-09-30 01:19:51
429980,7,SOL 한국형글로벌전기차&2차전지액티브,16695,2,160,0.97,16769.0,-18.966,53,0,83,2026-09-30 01:19:51
0219Z0,4,HANARO 미국S&P500액티브,10400,2,70,0.68,10381.0,,25,0,83,2026-09-30 01:19:51
0067Y0,4,TIGER 차이나AI소프트웨어,9210,5,-5,-0.05,9193.0,-28.0594,930,8,83,2026-09-30 01:19:51
0215T0,4,HANARO 미국AI광통신TOP10,9185,2,435,4.97,9153.0,,4392,40,83,2026-09-30 01:19:51
457930,2,BNK 미래전략기술액티브,27555,3,0,0.0,27794.0,-13.9041,0,0,83,2026-09-30 01:19:51
0226D0,7,FOCUS 금융반도체지주채권혼합50액티브,10300,2,85,0.83,10310.0,,5700,58,82,2026-09-30 01:19:51
462340,4,에셋플러스 글로벌다이나믹시니어액티브,16415,2,75,0.46,16359.0,-8.5619,1,0,82,2026-09-30 01:19:51
449680,7,TIGER 한중전기차(합성),9655,2,70,0.73,9671.0,-22.7328,2,0,82,2026-09-30 01:19:51
182490,6,TIGER 단기선진하이일드(합성 H),13645,3,0,0.0,13610.0,-0.9078,568,7,82,2026-09-30 01:19:51
395750,2,PLUS ESG가치주액티브,20460,3,0,0.0,20749.0,-18.4699,0,0,82,2026-09-30 01:19:51
0214M0,2,MIDAS 바이오헬스케어액티브,9405,2,145,1.57,9410.0,,101,0,80,2026-09-30 01:19:51
371150,4,RISE 차이나항셍테크,6115,5,-20,-0.33,6147.0,-14.639,122,0,79,2026-09-30 01:19:51
395280,2,HANARO Fn K-게임,3345,3,0,0.0,3344.0,-7.3408,1297,4,79,2026-09-30 01:19:51
304670,6,KODEX 미국30년국채울트라선물인버스(H),12990,2,20,0.15,12996.0,10.8073,8,0,78,2026-09-30 01:19:51
480460,7,WON 한국부동산TOP3플러스,9160,2,45,0.49,9149.0,1.6999,21,0,78,2026-09-30 01:19:51
0176P0,2,FOCUS AI반도체위클리고정커버드콜,14100,2,170,1.22,14086.0,-12.945,2409,34,78,2026-09-30 01:19:51
227550,2,TIGER 200 산업재,12110,2,105,0.87,12140.0,-4.7978,22034,266,78,2026-09-30 01:19:51
189400,4,PLUS 글로벌MSCI(합성 H),25815,2,235,0.92,25661.0,1.3872,246,6,77,2026-09-30 01:19:51
285690,2,FOCUS ESG리더스,21480,2,180,0.85,21467.0,-8.9744,27,0,75,2026-09-30 01:19:51
227570,2,TIGER 우량가치,20875,5,-115,-0.55,20814.0,5.9565,3,0,75,2026-09-30 01:19:51
435530,7,KIWOOM TDF2030액티브 적격,14980,2,95,0.64,14913.0,-11.9382,14,0,75,2026-09-30 01:19:51
139660,7,KIWOOM 미국달러선물인버스,8545,2,5,0.06,8552.0,13.715,30,0,74,2026-09-30 01:19:51
225800,7,KIWOOM 미국달러선물레버리지,14545,2,35,0.24,14533.0,-22.5721,330,4,74,2026-09-30 01:19:51
494210,4,SOL 미국500타겟데일리커버드콜액티브,10585,2,15,0.14,10588.0,-8.5305,200,2,74,2026-09-30 01:19:51
490330,4,KoAct 미국치매&뇌질환치료제액티브,13380,5,-205,-1.51,13251.0,-17.6168,4499,59,74,2026-09-30 01:19:51
0172Y0,2,ACE K수출핵심TOP10산업액티브,9170,2,75,0.82,9194.0,-20.0791,89,0,73,2026-09-30 01:19:51
0218K0,2,BNK 스마트카,10470,2,10,0.1,10498.0,,1,0,73,2026-09-30 01:19:51
487920,4,ACE 인도시장대표BIG5그룹액티브,7295,5,-5,-0.07,7288.0,-17.3741,72,0,73,2026-09-30 01:19:51
0005C0,6,RISE 미국S&P500엔화노출(합성 H),11210,2,70,0.63,11138.0,-6.0313,21,0,73,2026-09-30 01:19:51
402460,2,HANARO Fn K-메타버스MZ,14570,2,40,0.28,14525.0,-8.6256,53,0,73,2026-09-30 01:19:51
0138D0,2,RISE 동학개미,13190,2,175,1.34,13173.0,-13.2912,436,5,73,2026-09-30 01:19:51
253280,2,RISE 헬스케어,12050,2,70,0.58,12112.0,-16.8633,162,1,72,2026-09-30 01:19:51
225050,4,TIGER 유로스탁스레버리지(합성 H),16035,2,185,1.17,16028.0,1.0197,66,1,72,2026-09-30 01:19:51
437370,4,RISE 글로벌농업경제,10195,5,-85,-0.83,10171.0,-7.758,2217,22,71,2026-09-30 01:19:51
488480,4,RISE 일본섹터TOP4Plus,12870,2,85,0.66,12893.0,-9.1415,142,1,71,2026-09-30 01:19:51
315270,2,TIGER 200커뮤니케이션서비스,18600,2,75,0.4,18564.0,-5.9472,20,0,71,2026-09-30 01:19:51
0094X0,4,1Q 샤오미밸류체인액티브,7780,5,-20,-0.26,7782.0,-12.9369,172,1,70,2026-09-30 01:19:51
400590,4,SOL 글로벌탄소배출권선물ICE(합성),13910,2,145,1.05,13988.0,-9.0219,437,6,70,2026-09-30 01:19:51
244670,2,KODEX 밸류Plus,11585,2,80,0.7,11556.0,1.7511,18,0,70,2026-09-30 01:19:51
0082F0,4,HANARO 유럽방산,9760,5,-40,-0.41,9719.0,-6.9326,56,0,68,2026-09-30 01:19:51
256450,4,PLUS 심천차이넥스트(합성),13600,2,35,0.26,13602.0,-32.68,511,6,68,2026-09-30 01:19:51
0191B0,1,MIDAS 코스닥액티브,33340,2,330,1.0,33467.0,-6.5799,297,9,67,2026-09-30 01:19:51
176950,6,KODEX 국채선물10년인버스,60975,5,-225,-0.37,60996.0,2.9263,3028,184,66,2026-09-30 01:19:51
456200,6,PLUS 미국달러SOFR금리액티브(합성),59130,2,175,0.3,59033.0,-11.499,1,0,65,2026-09-30 01:19:51
326230,2,RISE 내수주플러스,10830,3,0,0.0,10827.0,-6.8388,13,0,65,2026-09-30 01:19:51
0036Z0,4,RISE 미국천연가스밸류체인,11780,5,-115,-0.97,11733.0,-11.6479,2366,27,65,2026-09-30 01:19:51
139290,2,TIGER 200 경기소비재,23050,5,-75,-0.32,23015.0,-18.3007,66,1,65,2026-09-30 01:19:51
450180,7,KODEX 한중전기차(합성),9855,5,-5,-0.05,9949.0,-23.5066,58,0,64,2026-09-30 01:19:51
138920,5,KODEX 콩선물(H),12785,2,85,0.67,12833.0,11.3546,51,0,64,2026-09-30 01:19:51
0047N0,4,PLUS 차이나AI테크TOP10,9015,2,75,0.84,8936.0,-15.0191,128,1,63,2026-09-30 01:19:51
289670,6,PLUS 국채선물10년,51900,2,265,0.51,51840.0,-1.6477,66,3,62,2026-09-30 01:19:51
250780,3,TIGER 코스닥150선물인버스,2340,5,-45,-1.89,2337.0,6.7114,73720,173,62,2026-09-30 01:19:51
307510,2,TIGER 의료기기,12320,2,160,1.32,12334.0,-16.4658,236,2,62,2026-09-30 01:19:51
469530,3,RISE 미국달러선물인버스,9615,2,55,0.58,9577.0,13.6741,1,0,62,2026-09-30 01:19:51
400580,4,SOL 유럽탄소배출권선물S&P(H),12075,2,375,3.21,12121.0,3.6315,3192,38,60,2026-09-30 01:19:51
368680,2,KODEX K-뉴딜디지털플러스,7520,5,-15,-0.2,7558.0,-7.3091,387,2,60,2026-09-30 01:19:51
316300,7,ACE 싱가포르리츠,12020,2,25,0.21,12049.0,-15.6782,322,3,60,2026-09-30 01:19:51
451670,6,RISE 국채30년레버리지(합성),12015,2,35,0.29,12079.0,-7.3115,120,1,60,2026-09-30 01:19:51
429740,7,PLUS K리츠,6005,2,5,0.08,6003.0,3.0064,137,0,60,2026-09-30 01:19:51
483020,2,KIWOOM 의료AI,9130,5,-85,-0.92,9172.0,-8.5814,835,7,59,2026-09-30 01:19:51
314700,2,HANARO 농업융복합산업,10665,2,85,0.8,10605.0,-4.6253,53,0,59,2026-09-30 01:19:51
0166T0,4,PLUS 글로벌저작권핵심기업액티브,8980,5,-25,-0.28,9022.0,-10.8416,47,0,58,2026-09-30 01:19:51
267450,6,RISE 미국장기국채선물인버스(H),11660,3,0,0.0,11658.0,10.0,0,0,58,2026-09-30 01:19:51
433250,1,UNICORN R&D 액티브,23280,2,415,1.82,23296.0,-18.6155,2,0,58,2026-09-30 01:19:51
0053M0,2,더제이 중소형포커스액티브,12930,3,0,0.0,12926.0,-10.5191,13,0,58,2026-09-30 01:19:51
401590,4,HANARO 글로벌탄소배출권선물ICE(합성),11070,2,80,0.73,11136.0,-9.0232,2,0,56,2026-09-30 01:19:51
0114X0,4,RISE 글로벌게임테크TOP3Plus,8675,5,-55,-0.63,8727.0,4.5508,1332,11,56,2026-09-30 01:19:51
0229F0,2,마이티 신약포커스바이오액티브,8050,2,150,1.9,8050.0,,3,0,56,2026-09-30 01:19:51
407300,2,HANARO Fn골프테마,10170,2,15,0.15,10211.0,-18.0209,2,0,56,2026-09-30 01:19:51
291890,4,KODEX MSCI EM선물(H),12360,2,120,0.98,12366.0,-1.8051,10,0,56,2026-09-30 01:19:51
432600,6,RISE 국채선물3년,55225,2,90,0.16,55204.0,-0.0091,1,0,55,2026-09-30 01:19:51
0184V0,2,UNICORN K바이오액티브,5240,2,65,1.26,5241.0,-35.2721,3048,15,55,2026-09-30 01:19:51
0087F0,4,ACE 차이나AI빅테크TOP2+액티브,10995,2,75,0.69,10881.0,-20.0293,49,0,55,2026-09-30 01:19:51
470310,2,UNICORN 생성형AI강소기업액티브,18300,5,-10,-0.05,18305.0,4.271,4,0,55,2026-09-30 01:19:51
291630,3,KIWOOM 코스닥150선물레버리지,3730,2,120,3.32,3738.0,-34.4828,29117,107,54,2026-09-30 01:19:51
238670,7,PLUS 스마트베타Quality채권혼합,13510,3,0,0.0,13445.0,2.0007,510,6,54,2026-09-30 01:19:51
499150,4,SOL 미국S&P500엔화노출(H),10720,2,50,0.47,10738.0,-7.4019,94,1,54,2026-09-30 01:19:51
220130,4,SOL 차이나강소기업CSI500(합성 H),6575,2,40,0.61,6585.0,-12.8667,1327,8,53,2026-09-30 01:19:51
390400,4,KODEX 미국스마트모빌리티S&P,6555,2,30,0.46,6559.0,-21.3273,32,0,52,2026-09-30 01:19:51
0174J0,7,DAISHIN 오피스리츠플러스,8680,2,5,0.06,8693.0,0.9234,3459,30,52,2026-09-30 01:19:51
483030,4,KIWOOM 미국블록버스터바이오테크의약품+,11570,3,0,0.0,11588.0,-8.8184,467,5,52,2026-09-30 01:19:51
0015E0,7,KIWOOM 엔비디아미국30년국채혼합액티브(H),10285,3,0,0.0,10276.0,-3.2807,183,1,51,2026-09-30 01:19:51
0102X0,4,ACE 유럽방산TOP10,8555,5,-75,-0.87,8552.0,-4.3898,292,2,51,2026-09-30 01:19:51
295000,6,RISE 국채선물10년,51100,2,135,0.26,51058.0,-1.536,1,0,51,2026-09-30 01:19:51
219900,4,ACE 중국본토CSI300레버리지(합성),3620,5,-15,-0.41,3641.0,-37.8101,42,0,51,2026-09-30 01:19:51
476310,4,RISE 글로벌비만산업TOP2+,9200,5,-15,-0.16,9295.0,-18.3491,16,0,51,2026-09-30 01:19:51
227560,2,TIGER 200 생활소비재,12390,5,-60,-0.48,12390.0,-0.8695,28,0,50,2026-09-30 01:19:51
413220,4,SOL 차이나태양광CSI(합성),4115,2,30,0.73,4183.0,-33.0328,84,0,49,2026-09-30 01:19:51
0132D0,7,KoAct 글로벌K컬처밸류체인액티브,8950,5,-35,-0.39,9005.0,-5.4211,136,1,49,2026-09-30 01:19:51
0154H0,4,KoAct 차이나바이오헬스케어액티브,8875,2,30,0.34,8908.0,6.374,398,3,49,2026-09-30 01:19:51
411860,4,KIWOOM 독일DAX,16090,2,25,0.16,15996.0,-9.9707,60,0,48,2026-09-30 01:19:51
0015K0,4,TIGER 미국소비트렌드액티브,6840,2,75,1.11,6803.0,-11.7417,36,0,48,2026-09-30 01:19:51
267440,6,RISE 미국장기국채선물(H),7710,5,-5,-0.06,7703.0,-7.4386,2,0,46,2026-09-30 01:19:51
474390,6,SOL 국고채30년액티브,40495,2,95,0.24,40524.0,-3.4533,32,1,46,2026-09-30 01:19:51
0073X0,5,FOCUS 알리바바미국채커버드콜혼합,8310,5,-40,-0.48,8337.0,-15.6947,38,0,46,2026-09-30 01:19:51
266550,2,PLUS 중형주저변동50,18045,3,0,0.0,18023.0,-1.4473,3,0,45,2026-09-30 01:19:51
498610,4,RISE 인도디지털성장,7435,2,10,0.13,7440.0,-12.6507,81,0,45,2026-09-30 01:19:51
391600,4,ACE 미국친환경그린테마,9785,2,125,1.29,9794.0,-23.9071,16,0,44,2026-09-30 01:19:51
0078V0,4,PLUS 미국로보택시,8740,5,-80,-0.91,8703.0,-14.4105,252,2,44,2026-09-30 01:19:51
0128D0,4,PLUS 차이나항셍테크위클리타겟커버드콜,6215,5,-40,-0.64,6239.0,-13.7223,285,1,44,2026-09-30 01:19:51
205720,4,ACE 일본TOPIX인버스(합성 H),1445,2,5,0.35,1452.0,-4.9505,41,0,43,2026-09-30 01:19:51
277650,2,TIGER 코스피중형주,21120,2,205,0.98,21089.0,-2.721,4,0,42,2026-09-30 01:19:51
373790,4,KIWOOM 미국방어배당성장나스닥,14660,3,0,0.0,14618.0,-13.6327,40,0,41,2026-09-30 01:19:51
0050E0,4,PLUS 미국AI에이전트,8085,2,55,0.68,8098.0,-4.3479,31,0,40,2026-09-30 01:19:51
226380,2,ACE Fn성장소비주도주,5715,5,-10,-0.17,5690.0,0.0,4,0,40,2026-09-30 01:19:51
252420,3,RISE 200선물인버스2X,75,5,-1,-1.32,75.0,4.1095,220895,16,39,2026-09-30 01:19:51
291680,4,RISE 차이나H선물인버스(H),7870,3,0,0.0,8066.0,-8.4884,0,0,39,2026-09-30 01:19:51
0131A0,4,SOL 차이나소비트렌드,7085,5,-20,-0.28,7128.0,-16.608,2,0,39,2026-09-30 01:19:51
243890,2,TIGER 200에너지화학레버리지,8625,2,305,3.67,8639.0,-16.7584,15291,129,39,2026-09-30 01:19:51
334690,5,RISE 팔라듐선물(H),5505,2,70,1.29,5515.0,-1.8954,55,0,39,2026-09-30 01:19:51
225030,4,TIGER 미국S&P500선물인버스(H),2257,5,-3,-0.13,2260.0,-2.5863,589,1,37,2026-09-30 01:19:51
244660,2,KODEX 퀄리티Plus,9240,2,20,0.22,9215.0,2.9788,1,0,37,2026-09-30 01:19:51
427120,2,RISE AI플랫폼,5220,2,15,0.29,5221.0,1.7595,254,1,34,2026-09-30 01:19:51
306530,3,HANARO 코스닥150선물레버리지,7430,2,240,3.34,7437.0,-34.755,29638,218,33,2026-09-30 01:19:51
267490,6,RISE 미국장기국채선물레버리지(합성 H),4565,5,-25,-0.54,4551.0,-14.6047,12,0,32,2026-09-30 01:19:51
0079X0,4,ACE BYD밸류체인액티브,9015,2,30,0.33,9022.0,-18.908,145,1,32,2026-09-30 01:19:51
321410,7,KODEX 멀티에셋하이인컴(H),10415,5,-15,-0.14,10424.0,-1.2756,7,0,31,2026-09-30 01:19:51
280940,5,KODEX 골드선물인버스(H),3590,5,-55,-1.51,3602.0,-2.2789,360,1,29,2026-09-30 01:19:51
491630,4,RISE 미국반도체인버스(합성 H),4890,5,-50,-1.01,4881.0,1.2295,45,0,28,2026-09-30 01:19:51
145670,3,ACE 인버스,1257,5,-10,-0.79,1258.0,10.462,8020,10,28,2026-09-30 01:19:51
476000,2,UNICORN 포스트IPO액티브,4940,5,-75,-1.5,4923.0,-28.306,22520,111,27,2026-09-30 01:19:51
252410,3,RISE 200선물인버스,1277,5,-14,-1.08,1281.0,11.006,2875,3,27,2026-09-30 01:19:51
253230,3,KIWOOM 200선물인버스2X,71,5,-1,-1.39,71.0,4.3478,1055103,74,24,2026-09-30 01:19:51
334700,5,RISE 팔라듐선물인버스(H),3490,5,-85,-2.38,3514.0,-2.5886,320,1,23,2026-09-30 01:19:51
275750,3,RISE 코스닥150선물인버스,2360,5,-40,-1.67,2361.0,5.9602,11717,27,22,2026-09-30 01:19:51
280320,4,ACE 미국IT인터넷(합성 H),21520,2,225,1.06,21573.0,9.7963,2,0,22,2026-09-30 01:19:51
291620,3,KIWOOM 코스닥150선물인버스,4145,5,-75,-1.78,4142.0,5.7644,398,1,17,2026-09-30 01:19:51
253240,3,KIWOOM 200선물인버스,1270,5,-14,-1.09,1278.0,10.3092,2805,3,14,2026-09-30 01:19:51
253160,3,PLUS 200선물인버스2X,146,5,-1,-0.68,145.0,2.7972,104258,15,14,2026-09-30 01:19:51
306520,3,HANARO 200선물인버스,2320,5,-20,-0.85,2323.0,12.2302,443,1,14,2026-09-30 01:19:51
261920,4,ACE MSCI필리핀(합성),11555,3,0,0.0,11416.0,-16.6006,0,0,12,2026-09-30 01:19:51
412560,2,TIGER BBIG레버리지,1546,2,8,0.52,1564.0,-19.7287,3998,6,10,2026-09-30 01:19:51
465620,4,ACE 미국빅테크TOP7 Plus인버스(합성),6515,3,0,0.0,6470.0,-0.8372,0,0,7,2026-09-30 01:19:51
