itemcode,etfTabCode,itemname,nowVal,risefall,changeVal,changeRate,nav,threeMonthEarnRate,quant,amonut,marketSum,collected_at
069500,1,KODEX 200,110060,2,2790,2.6,110363.0,-11.6723,15685617,1717117,260017,2026-08-17 07:32:32
360750,4,TIGER 미국S&P500,27410,2,130,0.48,27373.0,-0.4276,39793760,1089215,209262,2026-08-17 07:32:32
133690,4,TIGER 미국나스닥100,188575,2,1425,0.76,188578.0,-3.1159,3727943,702228,117652,2026-08-17 07:32:32
102110,1,TIGER 200,110375,2,2845,2.65,110645.0,-11.4085,8483187,930844,105905,2026-08-17 07:32:32
379800,4,KODEX 미국S&P500,24910,2,110,0.44,24883.0,-0.4618,29648575,737451,102791,2026-08-17 07:32:32
396500,2,TIGER 반도체TOP10,36240,2,990,2.81,36331.0,-27.6142,11837128,427230,96435,2026-08-17 07:32:32
379810,4,KODEX 미국나스닥100,28185,2,220,0.79,28192.0,-3.118,21279726,598434,94631,2026-08-17 07:32:32
488770,7,KODEX 머니마켓액티브,105255,2,40,0.04,105248.0,0.8721,720309,75813,80216,2026-08-17 07:32:32
278530,1,KODEX 200TR,39865,2,1030,2.65,39967.0,-11.6859,1295821,51379,79590,2026-08-17 07:32:32
459580,6,KODEX CD금리액티브(합성),1074950,2,85,0.01,1075174.0,0.7256,428563,460682,66334,2026-08-17 07:32:32
122630,3,KODEX 레버리지,113525,2,5550,5.14,114000.0,-35.8978,16501160,1855921,65674,2026-08-17 07:32:32
381180,4,TIGER 미국필라델피아반도체나스닥,45835,5,-250,-0.54,45960.0,-2.7436,1506114,69024,61671,2026-08-17 07:32:32
498400,2,KODEX 200타겟위클리커버드콜,20750,2,550,2.72,20832.0,-11.6175,7240699,149791,60507,2026-08-17 07:32:32
0167A0,2,SOL AI반도체TOP2플러스,18045,2,465,2.65,18092.0,-5.0014,19431194,348931,58042,2026-08-17 07:32:32
091160,2,KODEX 반도체,126250,2,2675,2.16,126463.0,-19.6883,1533714,193226,56371,2026-08-17 07:32:32
229200,1,KODEX 코스닥150,14830,2,30,0.2,14861.0,-25.5149,33018141,486547,54426,2026-08-17 07:32:32
148020,1,RISE 200,110885,2,2845,2.63,111198.0,-11.7741,1228835,135621,47071,2026-08-17 07:32:32
310970,1,TIGER MSCI Korea TR,49285,2,1340,2.79,49365.0,-11.1582,6615,324,44701,2026-08-17 07:32:32
458730,4,TIGER 미국배당다우존스,15455,2,90,0.59,15442.0,3.6915,1793952,27711,43158,2026-08-17 07:32:32
395160,2,KODEX AI반도체TOP2플러스,41000,2,1255,3.16,41053.0,0.5641,6020463,245956,41451,2026-08-17 07:32:32
0162Z0,7,RISE 삼성전자SK하이닉스채권혼합50,13390,2,220,1.67,13398.0,-1.9143,6013400,80443,41201,2026-08-17 07:32:32
360200,4,ACE 미국S&P500,27700,2,105,0.38,27672.0,-0.4594,400049,11072,40802,2026-08-17 07:32:32
411060,5,ACE KRX금현물,27625,5,-410,-1.46,27685.0,-11.002,902615,24928,40609,2026-08-17 07:32:32
233740,3,KODEX 코스닥150레버리지,7815,2,5,0.06,7805.0,-52.808,117930814,912120,40091,2026-08-17 07:32:32
381170,4,TIGER 미국테크TOP10 INDXX,31875,2,225,0.71,31849.0,-8.313,632084,20102,39270,2026-08-17 07:32:32
395270,2,HANARO Fn K-반도체,57970,2,1650,2.93,58024.0,-1.3529,1015631,58706,36724,2026-08-17 07:32:32
423160,6,KODEX KOFR금리액티브(합성),110800,2,35,0.03,110785.0,0.6976,151092,16740,36150,2026-08-17 07:32:32
367380,4,ACE 미국나스닥100,32410,2,245,0.76,32416.0,-3.1397,1193420,38599,35781,2026-08-17 07:32:32
357870,6,TIGER CD금리투자KIS(합성),57915,2,10,0.02,57915.0,0.7392,215654,12490,35494,2026-08-17 07:32:32
102780,2,KODEX 삼성그룹,27150,2,795,3.02,27180.0,-0.0185,728223,19591,35051,2026-08-17 07:32:32
273130,6,KODEX 종합채권(AA-이상)액티브,109625,5,-40,-0.04,109688.0,-1.6331,36060,3956,33590,2026-08-17 07:32:32
487240,2,KODEX AI전력핵심설비,36740,5,-105,-0.28,36848.0,-35.1965,3269322,118321,32221,2026-08-17 07:32:32
455890,6,RISE 머니마켓액티브,55400,2,15,0.03,55400.0,0.8005,142727,7906,29914,2026-08-17 07:32:32
0043B0,6,TIGER 머니마켓액티브,103360,2,10,0.01,103369.0,0.8685,119768,12379,29304,2026-08-17 07:32:32
139260,2,TIGER 200 IT,141665,2,4500,3.28,142104.0,-5.4229,532374,75330,28191,2026-08-17 07:32:32
426030,4,TIME 미국나스닥100액티브,48620,2,150,0.31,48628.0,-11.6161,559943,27260,25905,2026-08-17 07:32:32
481050,6,KODEX CD1년금리플러스액티브(합성),1023010,2,90,0.01,1023105.0,0.7636,14161,14486,25654,2026-08-17 07:32:32
0193T0,2,KODEX SK하이닉스단일종목레버리지,9780,2,575,6.25,9838.0,,26902829,268451,24702,2026-08-17 07:32:32
449170,6,TIGER KOFR금리액티브(합성),111615,2,25,0.02,111611.0,0.6628,70955,7919,24366,2026-08-17 07:32:32
161510,2,PLUS 고배당주,25575,2,585,2.34,25669.0,-7.803,875688,22289,24291,2026-08-17 07:32:32
486290,4,TIGER 미국나스닥100타겟데일리커버드콜,11080,2,45,0.41,11098.0,-3.7131,1173820,13012,24016,2026-08-17 07:32:32
472150,2,TIGER 배당커버드콜액티브,20975,2,560,2.74,20995.0,-10.2866,3507923,73162,23974,2026-08-17 07:32:32
278540,1,KODEX MSCI Korea TR,39195,2,795,2.07,39301.0,-10.2884,22075,861,23948,2026-08-17 07:32:32
456600,4,TIME 글로벌AI인공지능액티브,60990,2,850,1.41,60907.0,-5.2804,306597,18721,22518,2026-08-17 07:32:32
284430,6,KODEX 200미국채혼합50,21440,2,350,1.66,21408.0,-6.8074,460024,9835,21011,2026-08-17 07:32:32
292150,2,TIGER 코리아TOP10,38530,2,920,2.45,38694.0,-12.0061,571705,22031,20806,2026-08-17 07:32:32
105190,1,ACE 200,110305,2,2750,2.56,110606.0,-11.971,452688,49695,19414,2026-08-17 07:32:32
385540,6,RISE 종합채권(A-이상)액티브,102630,5,-35,-0.03,102712.0,-1.5162,3188,327,19062,2026-08-17 07:32:32
0193W0,2,KODEX 삼성전자단일종목레버리지,13530,2,685,5.33,13608.0,,11118160,147011,18705,2026-08-17 07:32:32
294400,1,KIWOOM 200TR,144570,2,3760,2.67,144845.0,-11.551,142514,20463,18650,2026-08-17 07:32:32
214980,6,KODEX 단기채권PLUS,114520,2,30,0.03,114527.0,0.6393,20962,2400,18400,2026-08-17 07:32:32
442580,4,PLUS 글로벌HBM반도체,102965,2,2465,2.45,103757.0,-2.1757,570557,58687,17885,2026-08-17 07:32:32
305720,2,KODEX 2차전지산업,14850,2,420,2.91,14886.0,-27.9302,1804645,26413,17285,2026-08-17 07:32:32
441640,4,KODEX 미국배당커버드콜액티브,13055,2,30,0.23,13088.0,2.2444,880025,11487,17141,2026-08-17 07:32:32
477080,6,RISE CD금리액티브(합성),107330,2,25,0.02,107335.0,0.7131,9779,1049,16721,2026-08-17 07:32:32
446770,4,ACE 글로벌반도체TOP4 Plus,80745,2,650,0.81,80801.0,-6.0863,99926,8071,16270,2026-08-17 07:32:32
466920,2,SOL 조선TOP3플러스,30150,2,865,2.95,30283.0,-22.6924,1677836,50622,16070,2026-08-17 07:32:32
487230,4,KODEX 미국AI전력핵심인프라,21490,5,-205,-0.94,21450.0,-22.6393,531699,11394,16053,2026-08-17 07:32:32
368590,4,RISE 미국나스닥100,31455,2,255,0.82,31449.0,-3.0387,460474,14449,15948,2026-08-17 07:32:32
152100,1,PLUS 200,111750,2,2785,2.56,112033.0,-11.2895,527823,58695,15869,2026-08-17 07:32:32
379780,4,RISE 미국S&P500,23960,2,95,0.4,23928.0,-0.3779,116281,2781,15766,2026-08-17 07:32:32
329200,2,TIGER 리츠부동산인프라,4135,2,60,1.47,4164.0,-2.604,2786980,11455,15510,2026-08-17 07:32:32
0177N0,7,KODEX 삼성전자SK하이닉스채권혼합50,14145,2,145,1.04,14167.0,-2.1353,3631232,51385,15220,2026-08-17 07:32:32
453850,6,ACE 미국30년국채액티브(H),7165,2,10,0.14,7177.0,-2.062,746193,5351,15054,2026-08-17 07:32:32
475630,7,TIGER CD1년금리액티브(합성),1074580,2,160,0.01,1074580.0,0.776,32244,34648,14532,2026-08-17 07:32:32
0195S0,2,TIGER SK하이닉스단일종목레버리지,8320,2,530,6.8,8343.0,,20481113,172609,14456,2026-08-17 07:32:32
232080,1,TIGER 코스닥150,15130,2,20,0.13,15152.0,-25.4497,3185917,47879,14147,2026-08-17 07:32:32
091230,2,TIGER 반도체,133790,2,2475,1.88,134290.0,-18.9783,222900,29738,13727,2026-08-17 07:32:32
390390,4,KODEX 미국반도체,56650,5,-110,-0.19,56755.0,-3.2647,695469,39329,13539,2026-08-17 07:32:32
436140,6,SOL 종합채권(AA-이상)액티브,105995,3,0,0.0,105981.0,-1.4505,24,2,13394,2026-08-17 07:32:32
0183J0,4,TIGER 미국우주테크,8845,5,-120,-1.34,8838.0,-32.8908,1897156,16771,12954,2026-08-17 07:32:32
157450,6,TIGER 단기통안채,112425,2,10,0.01,112424.0,0.6355,12649,1421,12946,2026-08-17 07:32:32
448330,1,KODEX 삼성전자채권혼합,17580,2,175,1.01,17604.0,0.6088,674799,11832,12886,2026-08-17 07:32:32
438080,7,ACE 미국S&P500미국채혼합50액티브,14520,2,20,0.14,14529.0,-2.3866,387033,5618,12589,2026-08-17 07:32:32
0072R0,5,TIGER KRX금현물,13175,5,-155,-1.16,13230.0,-11.1299,636951,8386,12207,2026-08-17 07:32:32
445290,2,KODEX 로봇액티브,33950,2,1490,4.59,33982.0,-19.5188,961788,32433,11832,2026-08-17 07:32:32
497570,4,TIGER 미국필라델피아AI반도체나스닥,23035,5,-90,-0.39,23136.0,0.4238,579346,13335,11771,2026-08-17 07:32:32
449450,2,PLUS K방산,58520,5,-35,-0.06,58639.0,-19.5049,240508,14048,11487,2026-08-17 07:32:32
469150,2,ACE AI반도체TOP3+,58430,2,1205,2.11,58484.0,-21.7386,365469,21335,11423,2026-08-17 07:32:32
226490,1,KODEX 코스피,71560,2,1730,2.48,71714.0,-12.0788,1290980,91880,11306,2026-08-17 07:32:32
465580,4,ACE 미국빅테크TOP7 Plus,25270,2,30,0.12,25247.0,-3.0129,840930,21208,11195,2026-08-17 07:32:32
494890,1,KODEX 200액티브,31725,2,830,2.69,31817.0,-11.9363,248847,7855,11104,2026-08-17 07:32:32
0139F0,6,TIGER 12월자동연장금융채(AA-이상)액티브,101995,5,-15,-0.01,102000.0,0.6662,115,11,10789,2026-08-17 07:32:32
0195R0,2,TIGER 삼성전자단일종목레버리지,12290,2,615,5.27,12377.0,,7565840,90847,10763,2026-08-17 07:32:32
446720,4,SOL 미국배당다우존스,14165,2,80,0.57,14155.0,3.5883,306186,4336,10553,2026-08-17 07:32:32
494310,2,KODEX 반도체레버리지,77020,2,3070,4.15,77511.0,-51.407,3642155,277795,10552,2026-08-17 07:32:32
479520,6,RISE KOFR금리액티브(합성),106245,2,10,0.01,106242.0,0.6727,1695,180,10313,2026-08-17 07:32:32
449180,4,KODEX 미국S&P500(H),17415,2,100,0.58,17405.0,4.2207,383667,6683,10214,2026-08-17 07:32:32
455850,2,SOL AI반도체소부장,23955,2,165,0.69,23977.0,-27.9116,1758054,41630,10169,2026-08-17 07:32:32
295040,1,SOL 200TR,41280,2,1060,2.64,41386.0,-11.6722,66467,2727,10155,2026-08-17 07:32:32
0117V0,2,TIGER 코리아AI전력기기TOP3플러스,19100,5,-110,-0.57,19149.0,-33.4981,1586227,29940,10142,2026-08-17 07:32:32
315930,2,KODEX Top5PlusTR,82850,2,2435,3.03,83142.0,-10.6305,33869,2795,10108,2026-08-17 07:32:32
469830,6,SOL 초단기채권액티브,54305,2,5,0.01,54299.0,0.8543,154278,8377,10051,2026-08-17 07:32:32
494300,4,KODEX 미국나스닥100데일리커버드콜OTM,9575,2,70,0.74,9586.0,-6.2094,1150222,11015,10035,2026-08-17 07:32:32
237350,1,KODEX 코스피100,87800,2,2570,3.02,88045.0,-11.2505,232510,20353,10009,2026-08-17 07:32:32
479080,6,1Q 머니마켓액티브,53680,3,0,0.0,53683.0,0.8453,258137,13858,9967,2026-08-17 07:32:32
356540,6,ACE 종합채권(AA-이상)액티브,101020,2,40,0.04,101013.0,-1.314,480,48,9951,2026-08-17 07:32:32
451540,6,TIGER 종합채권(AA-이상)액티브,52680,2,15,0.03,52714.0,-1.5879,2301,121,9904,2026-08-17 07:32:32
495050,1,RISE 코리아밸류업,33010,2,755,2.34,33136.0,-11.6257,120249,3961,9820,2026-08-17 07:32:32
402970,4,ACE 미국배당다우존스,15730,2,60,0.38,15691.0,3.8349,343604,5392,9768,2026-08-17 07:32:32
438100,7,ACE 미국나스닥100미국채혼합50액티브,15735,2,45,0.29,15752.0,-3.6141,276898,4355,9551,2026-08-17 07:32:32
0117L0,6,KODEX 26-12 금융채(AA-이상)액티브,10150,2,5,0.05,10145.0,0.6944,7272,73,9421,2026-08-17 07:32:32
305540,2,TIGER 2차전지테마,18795,2,615,3.38,18797.0,-26.9104,293383,5430,9238,2026-08-17 07:32:32
0177R0,2,TIGER 반도체TOP10커버드콜액티브,11460,2,370,3.34,11484.0,-13.7777,2937275,33578,8939,2026-08-17 07:32:32
475720,3,RISE 200위클리커버드콜,12650,2,215,1.73,12672.0,-13.6758,541144,6812,8166,2026-08-17 07:32:32
153130,6,KODEX 단기채권,113185,2,15,0.01,113174.0,0.6335,23210,2627,8106,2026-08-17 07:32:32
441800,1,TIME Korea플러스배당액티브,29095,2,960,3.41,29218.0,-17.7359,179869,5208,8042,2026-08-17 07:32:32
490590,4,RISE 미국AI밸류체인데일리고정커버드콜,14905,2,60,0.4,14903.0,-4.6312,497546,7420,7967,2026-08-17 07:32:32
371460,4,TIGER 차이나전기차SOLACTIVE,10935,5,-70,-0.64,10976.0,-24.4821,114456,1249,7943,2026-08-17 07:32:32
498410,2,KODEX 금융고배당TOP10타겟위클리커버드콜,11680,2,65,0.56,11725.0,-2.4026,783985,9149,7907,2026-08-17 07:32:32
0025N0,7,TIGER TDF2045 적격,12390,2,35,0.28,12410.0,-0.6017,363734,4504,7905,2026-08-17 07:32:32
466940,2,TIGER 은행고배당플러스TOP10,26365,2,175,0.67,26405.0,3.7877,322832,8467,7883,2026-08-17 07:32:32
476550,6,TIGER 미국30년국채커버드콜액티브(H),6850,2,10,0.15,6859.0,-2.0997,1197195,8208,7840,2026-08-17 07:32:32
487340,6,ACE 머니마켓액티브,105705,2,25,0.02,105703.0,0.8731,85150,9000,7803,2026-08-17 07:32:32
457480,4,ACE 테슬라밸류체인액티브,18895,2,470,2.55,18883.0,-25.9601,483563,9110,7766,2026-08-17 07:32:32
144600,5,KODEX 은선물(H),10480,5,-110,-1.04,10497.0,-27.045,556244,5815,7755,2026-08-17 07:32:32
0048J0,6,KODEX 미국머니마켓액티브,14165,5,-30,-0.21,14173.0,-4.0376,782004,11066,7752,2026-08-17 07:32:32
069660,1,KIWOOM 200,110120,2,2895,2.7,110307.0,-11.6838,115282,12608,7708,2026-08-17 07:32:32
481060,6,KODEX 미국30년국채타겟커버드콜(합성 H),7390,2,10,0.14,7453.0,-2.3492,640818,4742,7652,2026-08-17 07:32:32
102970,2,KODEX 증권,19590,2,200,1.03,19624.0,-32.177,797066,15486,7611,2026-08-17 07:32:32
462330,2,KODEX 2차전지산업레버리지,1079,2,54,5.27,1084.0,-55.4133,62976497,66136,7538,2026-08-17 07:32:32
0061Z0,6,RISE 단기특수은행채액티브,50940,3,0,0.0,50937.0,0.7515,102262,5209,7344,2026-08-17 07:32:32
272580,6,TIGER 단기채권액티브,57020,5,-5,-0.01,57027.0,0.6531,20685,1179,7318,2026-08-17 07:32:32
138540,2,TIGER 현대차그룹플러스,55595,2,2565,4.84,55741.0,-26.0066,610489,33656,7161,2026-08-17 07:32:32
458760,4,TIGER 미국배당다우존스타겟커버드콜2호,11340,2,50,0.44,11306.0,3.7661,177636,2011,7150,2026-08-17 07:32:32
367760,2,RISE 네트워크인프라,60460,2,1910,3.26,60243.0,-2.3027,278822,16634,7074,2026-08-17 07:32:32
0127P0,4,ACE 미국대형성장주액티브,11065,2,80,0.73,11092.0,-3.0549,5727,63,7043,2026-08-17 07:32:32
434730,2,HANARO 원자력iSelect,59435,2,435,0.74,59616.0,-30.461,154663,9139,7013,2026-08-17 07:32:32
385560,6,RISE KIS국고채30년Enhanced,50685,2,125,0.25,50724.0,-13.5143,31160,1584,6999,2026-08-17 07:32:32
0148J0,2,TIGER 코리아휴머노이드로봇산업,10390,2,445,4.47,10463.0,-27.19,9729243,101725,6998,2026-08-17 07:32:32
456610,6,TIGER 미국달러SOFR금리액티브(합성),61435,5,-90,-0.15,61443.0,-3.9854,19066,1169,6973,2026-08-17 07:32:32
495850,1,KODEX 코리아밸류업,32840,2,800,2.5,32912.0,-11.5684,326047,10673,6913,2026-08-17 07:32:32
0167B0,2,SOL 200타겟위클리커버드콜,12070,2,315,2.68,12114.0,-11.919,1011799,12167,6892,2026-08-17 07:32:32
364980,2,TIGER 2차전지TOP10,10280,2,355,3.58,10294.0,-24.3284,2019373,20441,6882,2026-08-17 07:32:32
491010,4,TIGER 글로벌AI전력인프라액티브,27050,2,70,0.26,26958.0,-20.006,66106,1785,6781,2026-08-17 07:32:32
290130,2,RISE ESG사회책임투자,47740,2,1140,2.45,47900.0,-10.9993,98937,4722,6779,2026-08-17 07:32:32
418660,4,TIGER 미국나스닥100레버리지(합성),43875,2,675,1.56,43860.0,-8.7744,227973,9982,6735,2026-08-17 07:32:32
114800,3,KODEX 인버스,1011,5,-28,-2.69,1011.0,-5.2484,1020141859,1037229,6705,2026-08-17 07:32:32
314250,4,KODEX 미국빅테크10(H),63150,2,1030,1.66,63181.0,7.1038,67748,4280,6681,2026-08-17 07:32:32
423920,4,TIGER 미국필라델피아반도체레버리지(합성),97365,5,-890,-0.91,97867.0,-16.1175,62876,6124,6679,2026-08-17 07:32:32
482730,4,TIGER 미국S&P500타겟데일리커버드콜,12385,2,55,0.45,12359.0,-0.1266,329395,4072,6614,2026-08-17 07:32:32
455030,6,KODEX 미국달러SOFR금리액티브(합성),12165,5,-5,-0.04,12179.0,-4.2545,84560,1028,6497,2026-08-17 07:32:32
434060,7,KODEX TDF2050액티브 적격,17435,2,80,0.46,17347.0,-4.6445,118998,2071,6451,2026-08-17 07:32:32
0015B0,4,KoAct 미국나스닥성장기업액티브,19800,2,115,0.58,19880.0,-14.2115,360009,7130,6435,2026-08-17 07:32:32
329750,6,TIGER 미국달러단기채권액티브,13380,5,-20,-0.15,13396.0,-4.2234,211991,2832,6366,2026-08-17 07:32:32
0101N0,2,RISE AI전력인프라,19855,5,-215,-1.07,19890.0,-29.9895,274000,5383,6244,2026-08-17 07:32:32
494670,2,TIGER 조선TOP10,23740,2,725,3.15,23804.0,-22.5828,610977,14507,6149,2026-08-17 07:32:32
466950,4,TIGER 글로벌AI액티브,32620,2,380,1.18,32602.0,-13.1639,83065,2713,6035,2026-08-17 07:32:32
396520,4,TIGER 차이나반도체FACTSET,14540,5,-170,-1.16,14565.0,-2.4489,948861,13762,6008,2026-08-17 07:32:32
251600,7,PLUS 고배당주채권혼합,15555,2,150,0.97,15598.0,-3.2082,208521,3234,6004,2026-08-17 07:32:32
489250,4,KODEX 미국배당다우존스,13295,2,55,0.42,13280.0,3.7577,299533,3979,5983,2026-08-17 07:32:32
371160,4,TIGER 차이나항셍테크,7300,5,-145,-1.95,7311.0,-12.237,310071,2269,5975,2026-08-17 07:32:32
484790,6,KODEX 미국30년국채액티브(H),8265,2,15,0.18,8277.0,-1.7962,512979,4241,5952,2026-08-17 07:32:32
252670,3,KODEX 200선물인버스2X,76,5,-5,-6.17,76.0,-26.9231,6365295139,489799,5879,2026-08-17 07:32:32
0019K0,7,TIME 미국나스닥100채권혼합50액티브,13695,2,70,0.51,13658.0,-3.2156,332842,4549,5738,2026-08-17 07:32:32
449190,4,KODEX 미국나스닥100(H),22620,2,205,0.91,22645.0,1.3764,157984,3574,5734,2026-08-17 07:32:32
463250,2,TIGER K방산&우주,37805,5,-400,-1.05,37815.0,-19.0298,425078,15998,5727,2026-08-17 07:32:32
0190C0,2,RISE 현대차고정피지컬AI,9480,2,530,5.92,9475.0,-25.2072,3046241,28506,5679,2026-08-17 07:32:32
0091P0,2,TIGER 코리아원자력,16670,2,160,0.97,16697.0,-31.6804,1273379,21283,5668,2026-08-17 07:32:32
0219E0,2,KODEX 200커버드콜액티브,8650,2,230,2.73,8640.0,,4588359,39416,5631,2026-08-17 07:32:32
491620,4,RISE 미국테크100데일리고정커버드콜,11120,2,95,0.86,11115.0,-2.2757,535076,5937,5554,2026-08-17 07:32:32
0007F0,6,KODEX 27-12 회사채(AA-이상)액티브,10170,5,-15,-0.15,10180.0,0.5437,58006,590,5537,2026-08-17 07:32:32
488080,3,TIGER 반도체TOP10레버리지,35070,2,1870,5.63,35264.0,-61.0269,6006383,209423,5506,2026-08-17 07:32:32
0105E0,2,SOL 코리아고배당,13235,2,230,1.77,13286.0,-6.8254,446437,5884,5493,2026-08-17 07:32:32
444200,2,SOL 코리아메가테크액티브,47880,2,1350,2.9,47945.0,-18.9162,46702,2225,5482,2026-08-17 07:32:32
438330,6,TIGER 우량회사채액티브,115575,5,-60,-0.05,115630.0,0.6137,9991,1155,5397,2026-08-17 07:32:32
462010,2,TIGER 2차전지소재Fn,4970,2,105,2.16,4977.0,-35.0752,2638623,12958,5390,2026-08-17 07:32:32
365780,6,ACE 국고채10년,82550,5,-15,-0.02,82528.0,-0.5063,4128,341,5321,2026-08-17 07:32:32
496080,1,TIGER 코리아밸류업,32940,2,815,2.54,32996.0,-11.2073,176895,5796,5320,2026-08-17 07:32:32
243880,2,TIGER 200IT레버리지,362080,2,23080,6.81,361822.0,-34.5363,330022,118359,5250,2026-08-17 07:32:32
315960,2,RISE 대형고배당10TR,78865,2,2345,3.06,79254.0,-14.5929,60782,4782,5205,2026-08-17 07:32:32
251350,4,KODEX MSCI선진국,40660,2,85,0.21,40675.0,0.3431,21751,884,5184,2026-08-17 07:32:32
114260,6,KODEX 국고채3년,61815,5,-15,-0.02,61822.0,0.6595,10712,662,5118,2026-08-17 07:32:32
361580,1,RISE 200TR,62580,2,1615,2.65,62723.0,-11.7722,43657,2726,5038,2026-08-17 07:32:32
435420,7,TIGER 미국나스닥100채권혼합50,14365,2,55,0.38,14371.0,-1.2925,358835,5151,4985,2026-08-17 07:32:32
476800,7,KODEX 한국부동산리츠인프라,4290,2,45,1.06,4318.0,-5.3092,382686,1634,4906,2026-08-17 07:32:32
490490,7,SOL 미국배당미국채혼합50,11430,2,50,0.44,11415.0,-0.3609,157658,1800,4846,2026-08-17 07:32:32
483280,4,KODEX 미국AI테크TOP10타겟커버드콜,12265,2,75,0.62,12267.0,-6.6086,122103,1496,4832,2026-08-17 07:32:32
499660,7,TIGER CD금리플러스액티브(합성),1001595,2,90,0.01,1001595.0,0.771,16661,16687,4794,2026-08-17 07:32:32
0163Y0,1,KoAct 코스닥액티브,9190,2,25,0.27,9183.0,-29.8206,818917,7440,4793,2026-08-17 07:32:32
277630,1,TIGER 코스피,72585,2,1715,2.42,72761.0,-12.5337,644760,46606,4754,2026-08-17 07:32:32
0162M0,6,KODEX 금융채1~2년(AA-이상)PLUS액티브,10055,5,-20,-0.2,10067.0,0.4997,10279,103,4656,2026-08-17 07:32:32
448290,4,TIGER 미국S&P500(H),18070,2,105,0.58,18058.0,4.2416,123928,2239,4644,2026-08-17 07:32:32
293180,1,HANARO 200,110430,2,2910,2.71,110658.0,-11.6488,89866,9858,4638,2026-08-17 07:32:32
471230,6,KODEX 국고채10년액티브,104015,5,-45,-0.04,103925.0,-0.5498,7088,738,4637,2026-08-17 07:32:32
0023A0,4,SOL 미국양자컴퓨팅TOP10,27150,5,-295,-1.07,27271.0,-16.9471,203142,5515,4520,2026-08-17 07:32:32
473290,6,KODEX 26-12 회사채(AA-이상)액티브,10865,5,-5,-0.05,10870.0,0.6018,50128,544,4512,2026-08-17 07:32:32
091180,2,KODEX 자동차,31700,2,1500,4.97,31800.0,-19.7979,491375,15399,4501,2026-08-17 07:32:32
451060,1,1Q 200액티브,35220,2,890,2.59,35350.0,-12.3834,74799,2627,4438,2026-08-17 07:32:32
480260,6,TIGER 27-04회사채(A+이상)액티브,53755,5,-15,-0.03,53753.0,0.5518,4535,243,4403,2026-08-17 07:32:32
447770,7,TIGER 테슬라채권혼합Fn,13670,2,130,0.96,13702.0,-8.3291,106319,1456,4374,2026-08-17 07:32:32
474220,4,TIGER 미국테크TOP10타겟커버드콜,15330,2,90,0.59,15334.0,-5.8378,54995,842,4331,2026-08-17 07:32:32
0173Y0,4,KODEX 미국AI광통신네트워크,12305,5,-380,-3.0,12297.0,-21.508,1627901,20028,4276,2026-08-17 07:32:32
477050,6,PLUS 머니마켓액티브,53450,3,0,0.0,53449.0,0.8395,12045,643,4257,2026-08-17 07:32:32
0016X0,6,SOL 중단기회사채(A-이상)액티브,51435,5,-5,-0.01,51431.0,0.7837,2484,127,4198,2026-08-17 07:32:32
469070,2,RISE AI&로봇,12530,2,420,3.47,12514.0,-24.79,785306,9786,4191,2026-08-17 07:32:32
0131V0,4,1Q 미국우주항공테크,12745,2,315,2.53,12775.0,-12.3453,234116,2977,4174,2026-08-17 07:32:32
148070,6,KIWOOM 국고채10년,104715,2,5,0.0,104601.0,-0.4658,41500,4348,4124,2026-08-17 07:32:32
0060H0,1,TIGER 토탈월드스탁액티브,13235,2,50,0.38,13214.0,-0.2476,56912,752,4090,2026-08-17 07:32:32
0167Z0,4,KODEX 미국우주항공,9010,5,-70,-0.77,8976.0,-27.5213,499203,4482,4086,2026-08-17 07:32:32
241180,4,TIGER 일본니케이225,36950,2,305,0.83,36842.0,3.6901,147501,5445,4057,2026-08-17 07:32:32
426020,4,TIME 미국S&P500액티브,33305,2,155,0.47,33223.0,-4.0479,105898,3521,4057,2026-08-17 07:32:32
462900,2,KoAct 바이오헬스케어액티브,15195,5,-135,-0.88,15183.0,-24.025,985025,14969,4011,2026-08-17 07:32:32
451000,6,PLUS 종합채권(AA-이상)액티브,107075,2,105,0.1,107004.0,-1.4905,8,0,3995,2026-08-17 07:32:32
439870,6,KODEX 국고채30년액티브,85870,2,415,0.49,85817.0,-10.3701,19177,1647,3964,2026-08-17 07:32:32
385720,1,TIME 코스피액티브,25660,2,565,2.25,25784.0,-14.3668,74476,1903,3952,2026-08-17 07:32:32
458250,6,TIGER 미국30년국채스트립액티브(합성 H),34335,2,50,0.15,34515.0,-4.7969,57094,1965,3857,2026-08-17 07:32:32
0080G0,2,KODEX 방산TOP10,11475,5,-125,-1.08,11450.0,-17.7529,1887840,21536,3856,2026-08-17 07:32:32
471990,2,KODEX AI반도체핵심장비,23560,2,365,1.57,23563.0,-29.4816,807016,18736,3852,2026-08-17 07:32:32
0043Y0,4,TIME 차이나AI테크액티브,21595,5,-100,-0.46,21641.0,-3.8941,123048,2683,3844,2026-08-17 07:32:32
484880,2,SOL 금융지주플러스고배당,22510,2,245,1.1,22599.0,3.2077,377512,8481,3759,2026-08-17 07:32:32
496020,6,WON 전단채플러스액티브,52390,2,15,0.03,52388.0,0.9246,2561,134,3713,2026-08-17 07:32:32
310960,1,TIGER 200TR,64235,2,1665,2.66,64408.0,-11.8136,85378,5454,3597,2026-08-17 07:32:32
0144L0,4,KODEX 미국성장커버드콜액티브,10000,2,55,0.55,10044.0,-3.8575,166789,1668,3590,2026-08-17 07:32:32
453810,4,KODEX 인도Nifty50,12115,5,-50,-0.41,12188.0,-1.8976,129663,1567,3586,2026-08-17 07:32:32
0040Y0,7,SOL 팔란티어커버드콜OTM채권혼합,8200,2,25,0.31,8210.0,2.3571,301979,2473,3583,2026-08-17 07:32:32
448300,4,TIGER 미국나스닥100(H),23370,2,215,0.93,23392.0,1.4636,71092,1661,3576,2026-08-17 07:32:32
474590,2,WON 반도체밸류체인액티브,44365,2,1080,2.5,44392.0,-5.7668,85622,3780,3571,2026-08-17 07:32:32
0182R0,2,1Q K반도체TOP2+,10830,2,340,3.24,10857.0,-25.1555,3395444,36693,3525,2026-08-17 07:32:32
0052D0,2,TIGER 코리아배당다우존스,15910,2,260,1.66,15974.0,-4.1507,177289,2799,3524,2026-08-17 07:32:32
0026S0,4,1Q 미국S&P500,13395,2,60,0.45,13390.0,-0.6682,111445,1491,3523,2026-08-17 07:32:32
476760,6,ACE 미국30년국채액티브,9165,2,5,0.05,9178.0,-6.8256,446201,4086,3519,2026-08-17 07:32:32
439860,6,KODEX ESG종합채권(A-이상)액티브,113580,5,-20,-0.02,113670.0,0.2515,166,18,3505,2026-08-17 07:32:32
385550,6,RISE 단기채권알파액티브,113995,2,10,0.01,113995.0,0.6667,834,95,3451,2026-08-17 07:32:32
279530,2,KODEX 고배당주,17780,2,370,2.13,17846.0,-6.4669,197083,3486,3449,2026-08-17 07:32:32
132030,5,KODEX 골드선물(H),24335,5,-265,-1.08,24369.0,-8.4807,82209,2001,3431,2026-08-17 07:32:32
456880,7,ACE 미국달러SOFR금리(합성),12440,5,-5,-0.04,12428.0,-4.0124,69150,858,3431,2026-08-17 07:32:32
0046A0,6,TIGER 미국초단기(3개월이하)국채,9805,5,-10,-0.1,9798.0,-4.2056,685779,6714,3424,2026-08-17 07:32:32
472170,7,TIGER 미국테크TOP10채권혼합,14140,2,55,0.39,14144.0,-3.9729,64182,907,3408,2026-08-17 07:32:32
270810,1,RISE 코스닥150,14750,2,10,0.07,14787.0,-25.4486,279252,4082,3390,2026-08-17 07:32:32
442570,7,RISE TDF2050액티브 적격,18010,2,80,0.45,17855.0,-1.7777,231508,4164,3341,2026-08-17 07:32:32
385510,2,KODEX 신재생에너지액티브,39500,2,205,0.52,39515.0,-31.4296,110164,4291,3318,2026-08-17 07:32:32
0052S0,7,1Q 미국S&P500미국채혼합50액티브,11960,2,25,0.21,11966.0,-2.3131,111932,1336,3301,2026-08-17 07:32:32
448630,7,RISE 삼성그룹Top3채권혼합,15395,2,225,1.48,15419.0,-0.2915,136727,2094,3279,2026-08-17 07:32:32
0210A0,2,ACE K반도체TOP2+,7390,2,225,3.14,7404.0,,3897902,28679,3244,2026-08-17 07:32:32
483320,4,ACE 엔비디아밸류체인액티브,26140,2,60,0.23,26157.0,-3.4891,190619,4966,3202,2026-08-17 07:32:32
0111P0,7,1Q 미국나스닥100미국채혼합50액티브,11170,2,35,0.31,11192.0,-3.7355,116622,1302,3116,2026-08-17 07:32:32
475300,2,SOL 반도체전공정,21220,5,-270,-1.26,21342.0,-13.317,1674283,35326,3109,2026-08-17 07:32:32
485540,4,KODEX 미국AI테크TOP10,15740,2,120,0.77,15735.0,-7.5598,226418,3561,3109,2026-08-17 07:32:32
0008S0,4,TIGER 미국배당다우존스타겟데일리커버드콜,10250,2,45,0.44,10239.0,3.3236,225869,2311,3049,2026-08-17 07:32:32
0038A0,4,KODEX 미국휴머노이드로봇,15965,2,75,0.47,15994.0,-13.9927,141865,2262,3049,2026-08-17 07:32:32
433330,4,SOL 미국S&P500,22890,2,85,0.37,22872.0,-0.5651,77858,1779,2999,2026-08-17 07:32:32
453870,4,TIGER 인도니프티50,11935,5,-20,-0.17,11983.0,-1.9288,55982,668,2990,2026-08-17 07:32:32
190620,6,ACE 단기통안채,101885,2,5,0.0,101889.0,0.637,1273,129,2938,2026-08-17 07:32:32
364970,2,TIGER 바이오TOP10,7880,5,-30,-0.38,7870.0,-0.8182,1028971,8109,2935,2026-08-17 07:32:32
481190,4,SOL 미국테크TOP10,17285,2,115,0.67,17281.0,-8.205,352306,6077,2921,2026-08-17 07:32:32
489030,2,PLUS 고배당주위클리커버드콜,6415,2,20,0.31,6427.0,-13.5571,525553,3355,2906,2026-08-17 07:32:32
441680,7,TIGER 미국나스닥100커버드콜(합성),11025,2,45,0.41,11055.0,-1.7459,55297,609,2900,2026-08-17 07:32:32
454780,6,KIWOOM 종합채권(AA-이상)액티브,99310,2,175,0.18,99370.0,-1.6344,2,0,2889,2026-08-17 07:32:32
091170,2,KODEX 은행,16170,2,170,1.06,16195.0,6.1567,494401,7972,2878,2026-08-17 07:32:32
461490,7,RISE 글로벌자산배분액티브,14865,2,25,0.17,14857.0,-2.3325,59336,881,2876,2026-08-17 07:32:32
473330,6,SOL 미국30년국채커버드콜(합성),8240,2,10,0.12,8270.0,-6.6687,352854,2903,2876,2026-08-17 07:32:32
475080,7,KODEX 테슬라커버드콜채권혼합액티브,7905,2,75,0.96,7910.0,-6.7692,118640,937,2873,2026-08-17 07:32:32
123320,3,TIGER 레버리지,114535,2,5650,5.19,114797.0,-35.5659,158092,17998,2863,2026-08-17 07:32:32
421320,2,PLUS 우주항공,30935,2,35,0.11,30802.0,-32.7793,73619,2248,2861,2026-08-17 07:32:32
307520,2,TIGER 지주회사,22500,2,540,2.46,22633.0,-14.4902,219251,4887,2858,2026-08-17 07:32:32
273140,6,KODEX 단기변동금리부채권액티브,114540,2,15,0.01,114554.0,0.5553,2768,317,2803,2026-08-17 07:32:32
0162Y0,1,TIME 코스닥액티브,7745,5,-55,-0.71,7761.0,-31.4905,610801,4711,2784,2026-08-17 07:32:32
471040,4,KoAct 글로벌AI&로봇액티브,30670,2,530,1.76,30718.0,-13.2514,52971,1624,2776,2026-08-17 07:32:32
0094K0,6,TIGER 28-04 회사채(A+이상)액티브,99590,3,0,0.0,99586.0,0.6417,20566,2049,2772,2026-08-17 07:32:32
136340,6,RISE 중기우량회사채,104300,3,0,0.0,104289.0,0.5051,2030,211,2769,2026-08-17 07:32:32
478150,4,TIME 글로벌우주테크&방산액티브,21480,5,-210,-0.97,21488.0,-7.5135,30740,659,2749,2026-08-17 07:32:32
0098F0,2,KODEX 원자력SMR,15715,2,280,1.81,15706.0,-28.8915,401420,6289,2742,2026-08-17 07:32:32
213610,2,KODEX 삼성그룹밸류,22995,2,555,2.47,23074.0,-1.7938,24959,569,2736,2026-08-17 07:32:32
471780,2,TIGER 코리아테크액티브,35750,2,695,1.98,35770.0,-12.27,100001,3548,2731,2026-08-17 07:32:32
483340,4,ACE 구글밸류체인액티브,23800,2,80,0.34,23768.0,-7.1582,164681,3909,2725,2026-08-17 07:32:32
0053L0,4,TIGER 차이나휴머노이드로봇,10515,5,-85,-0.8,10458.0,-22.2189,193427,2033,2723,2026-08-17 07:32:32
139230,2,TIGER 200 중공업,13820,2,320,2.37,13875.0,-26.6553,185461,2560,2717,2026-08-17 07:32:32
409820,4,KODEX 미국나스닥100레버리지(합성 H),20810,2,350,1.71,20852.0,0.7504,133440,2776,2684,2026-08-17 07:32:32
423170,4,SOL 글로벌AI반도체탑픽액티브,59230,2,1050,1.8,59330.0,-5.0117,24813,1470,2677,2026-08-17 07:32:32
497880,6,SOL CD금리&머니마켓액티브,50110,2,5,0.01,50115.0,0.8524,93070,4663,2644,2026-08-17 07:32:32
283580,4,KODEX 차이나CSI300,15845,5,-115,-0.72,15839.0,-8.846,32897,519,2638,2026-08-17 07:32:32
196230,6,RISE 단기통안채,116835,2,90,0.08,116826.0,0.6244,2748,321,2623,2026-08-17 07:32:32
0119H0,6,KODEX 28-12 회사채(AA-이상)액티브,9935,5,-5,-0.05,9927.0,0.5058,6493,64,2595,2026-08-17 07:32:32
228790,2,TIGER 화장품,4425,5,-45,-1.01,4456.0,8.9901,5522182,24758,2571,2026-08-17 07:32:32
495230,1,KoAct 코리아밸류업액티브,31700,2,965,3.14,31763.0,-15.3902,48401,1525,2568,2026-08-17 07:32:32
363580,2,KODEX 200IT TR,57600,2,2205,3.98,57429.0,-4.032,133022,7577,2534,2026-08-17 07:32:32
472920,6,HK 종합채권(AA-이상)액티브,97895,2,145,0.15,97821.0,-1.3752,2,0,2525,2026-08-17 07:32:32
493810,4,TIGER 미국AI빅테크10타겟데일리커버드콜,11800,2,40,0.34,11807.0,-6.0597,77903,919,2508,2026-08-17 07:32:32
486450,4,SOL 미국AI전력인프라,21460,5,-165,-0.76,21414.0,-15.975,23913,512,2489,2026-08-17 07:32:32
388420,2,RISE 비메모리반도체액티브,27470,2,375,1.38,27433.0,-21.9782,53683,1459,2450,2026-08-17 07:32:32
157500,2,TIGER 증권,13340,2,180,1.37,13362.0,-31.3441,604290,7986,2425,2026-08-17 07:32:32
0183V0,7,KIWOOM 삼성전자&SK하이닉스채권혼합50,11740,2,180,1.56,11756.0,-1.6372,644924,7569,2407,2026-08-17 07:32:32
472160,4,TIGER 미국테크TOP10 INDXX(H),18930,2,160,0.85,18925.0,-4.1034,94968,1796,2404,2026-08-17 07:32:32
245710,4,ACE 베트남VN30(합성),28595,5,-755,-2.57,28810.0,-11.8799,28997,835,2402,2026-08-17 07:32:32
448540,7,ACE 엔비디아채권혼합,26870,3,0,0.0,26869.0,-1.7191,18759,503,2391,2026-08-17 07:32:32
466930,2,SOL 자동차TOP3플러스,28985,2,1655,6.06,29002.0,-10.0125,330198,9458,2391,2026-08-17 07:32:32
498270,4,KIWOOM 미국양자컴퓨팅,15970,2,95,0.6,16026.0,0.1984,92867,1483,2380,2026-08-17 07:32:32
0182S0,7,1Q K반도체TOP2채권혼합50,12410,2,235,1.93,12412.0,-3.3866,310995,3852,2377,2026-08-17 07:32:32
442320,4,RISE 글로벌원자력,37630,5,-70,-0.19,37738.0,-20.5654,14350,537,2367,2026-08-17 07:32:32
244580,2,KODEX 바이오,9040,2,5,0.06,9045.0,-22.1361,391545,3540,2358,2026-08-17 07:32:32
261260,7,KODEX 미국달러선물인버스2X,5070,2,15,0.3,5070.0,9.8591,360476,1832,2351,2026-08-17 07:32:32
329650,7,KODEX TRF3070,14230,2,20,0.14,14272.0,-1.2097,32845,467,2348,2026-08-17 07:32:32
463050,2,TIME K바이오액티브,13755,5,-35,-0.25,13797.0,-19.5615,369934,5078,2331,2026-08-17 07:32:32
363570,6,KODEX 장기종합채권(AA-이상)액티브,85945,5,-55,-0.06,85942.0,-4.2183,862,74,2329,2026-08-17 07:32:32
437080,6,KODEX 미국종합채권ESG액티브(H),97425,2,205,0.21,97413.0,-0.462,5278,514,2314,2026-08-17 07:32:32
414780,4,TIGER 차이나과창판STAR50(합성),14745,5,-265,-1.77,14891.0,-7.2934,138105,2040,2308,2026-08-17 07:32:32
488980,6,SOL 26-12 회사채(AA-이상)액티브,52060,2,10,0.02,52062.0,0.6963,1308,68,2304,2026-08-17 07:32:32
458260,6,TIGER 미국투자등급회사채액티브(H),46560,2,110,0.24,46602.0,-1.0845,11790,549,2272,2026-08-17 07:32:32
0092C0,6,SOL 27-12 회사채(AA-이상)액티브,50220,5,-15,-0.03,50227.0,0.6311,158,7,2269,2026-08-17 07:32:32
0204D0,2,KODEX 현대차로보틱스밸류체인TOP3플러스,7165,2,405,5.99,7170.0,,2620455,18572,2264,2026-08-17 07:32:32
0094M0,2,RISE 코리아밸류업위클리고정커버드콜,17965,2,360,2.04,18017.0,-9.9976,680925,12188,2264,2026-08-17 07:32:32
305080,6,TIGER 미국채10년선물,12655,2,15,0.12,12656.0,-5.5598,113717,1439,2240,2026-08-17 07:32:32
302450,1,RISE 코스피,72145,2,2020,2.88,72288.0,-12.3956,429174,30780,2236,2026-08-17 07:32:32
0151S0,4,KODEX 미국AI반도체TOP3플러스,16240,2,270,1.69,16209.0,-2.3059,306014,4966,2233,2026-08-17 07:32:32
0104N0,2,TIGER 200타겟위클리커버드콜,21240,2,440,2.12,21290.0,-11.8743,110585,2337,2230,2026-08-17 07:32:32
452360,4,SOL 미국배당다우존스(H),13505,2,60,0.45,13486.0,8.8814,159795,2159,2228,2026-08-17 07:32:32
495060,1,TIME 코리아밸류업액티브,29205,2,525,1.83,29281.0,-16.1499,85503,2483,2190,2026-08-17 07:32:32
490090,4,TIGER 미국AI빅테크10,16465,2,100,0.61,16451.0,-5.4551,76917,1263,2182,2026-08-17 07:32:32
267770,3,TIGER 200선물레버리지,86905,2,4205,5.08,87163.0,-36.0993,36448,3154,2173,2026-08-17 07:32:32
433500,2,ACE 원자력TOP10,55675,2,1030,1.88,55750.0,-32.343,35113,1943,2171,2026-08-17 07:32:32
422420,2,RISE 2차전지액티브,6770,2,185,2.81,6782.0,-34.2982,165884,1106,2170,2026-08-17 07:32:32
0089D0,2,KODEX 금융고배당TOP10,13330,2,185,1.41,13378.0,-0.1333,120196,1597,2159,2026-08-17 07:32:32
0115D0,2,KODEX 조선TOP10,8410,2,235,2.87,8436.0,-22.1657,1577549,13246,2136,2026-08-17 07:32:32
266160,2,RISE 고배당,33350,2,915,2.82,33370.0,-9.5382,34530,1144,2134,2026-08-17 07:32:32
0228G0,2,ACE 반도체Plus전략산업,10650,2,355,3.45,10659.0,,773703,8172,2130,2026-08-17 07:32:32
332930,1,HANARO 200TR,144585,2,3845,2.73,144884.0,-11.6877,1387,200,2096,2026-08-17 07:32:32
394670,4,TIGER 글로벌리튬&2차전지SOLACTIVE(합성),11665,5,-70,-0.6,11747.0,-19.7731,21379,248,2067,2026-08-17 07:32:32
0047A0,4,TIGER 차이나테크TOP10,13490,5,-170,-1.24,13539.0,-11.9165,48677,654,2050,2026-08-17 07:32:32
480040,4,ACE 미국반도체데일리타겟커버드콜(합성),15645,5,-55,-0.35,15678.0,-10.9364,135493,2120,2003,2026-08-17 07:32:32
0005A0,4,KODEX 미국S&P500데일리커버드콜OTM,9920,2,80,0.81,9883.0,-0.7677,158249,1566,1984,2026-08-17 07:32:32
495550,1,SOL 코리아밸류업TR,33680,2,745,2.26,33659.0,-12.1659,27313,914,1970,2026-08-17 07:32:32
233160,3,TIGER 코스닥150 레버리지,8675,2,35,0.41,8625.0,-52.7506,2536998,21733,1969,2026-08-17 07:32:32
0069M0,4,1Q 미국나스닥100,14110,2,110,0.79,14111.0,-3.1903,116619,1642,1961,2026-08-17 07:32:32
117700,2,KODEX 건설,6830,2,90,1.34,6835.0,-24.4371,1313500,8954,1960,2026-08-17 07:32:32
429000,4,TIGER 미국S&P500배당귀족,14030,2,45,0.32,14010.0,5.4969,83391,1171,1936,2026-08-17 07:32:32
0192Z0,6,TIGER 중기종합채권(A-이상)액티브,100950,5,-5,0.0,100909.0,,37,3,1928,2026-08-17 07:32:32
302190,6,TIGER 중장기국채,50110,5,-40,-0.08,50099.0,0.0599,9948,498,1924,2026-08-17 07:32:32
0091C0,6,KODEX 미국10년국채액티브(H),9620,2,45,0.47,9618.0,-0.5631,57380,552,1915,2026-08-17 07:32:32
433980,7,KODEX TDF2040액티브 적격,16320,2,45,0.28,16248.0,-0.887,48592,792,1909,2026-08-17 07:32:32
122090,1,PLUS 코스피50,82365,2,2260,2.82,82793.0,-11.2218,41373,3409,1903,2026-08-17 07:32:32
0082V0,7,KODEX TDF2060액티브 적격,11665,5,-25,-0.21,11612.0,-4.4836,103172,1201,1884,2026-08-17 07:32:32
473460,4,KODEX 미국서학개미,24085,2,390,1.65,24066.0,-13.0835,85577,2058,1867,2026-08-17 07:32:32
0040X0,7,SOL 팔란티어미국채커버드콜혼합,9840,2,145,1.5,9870.0,6.0409,238131,2340,1820,2026-08-17 07:32:32
412570,2,TIGER 2차전지TOP10레버리지,1260,2,80,6.78,1267.0,-51.5385,7779215,9459,1813,2026-08-17 07:32:32
463290,6,1Q 단기금융채액티브,109130,2,15,0.01,109126.0,0.757,7450,813,1803,2026-08-17 07:32:32
0093A0,2,RISE AI반도체TOP10,32095,2,415,1.31,32121.0,-21.1232,70002,2243,1781,2026-08-17 07:32:32
0005G0,2,IBK K-AI반도체코어테크,51220,2,1320,2.65,51203.0,-4.281,58678,2998,1767,2026-08-17 07:32:32
483290,4,KODEX 미국배당다우존스타겟커버드콜,10620,2,55,0.52,10593.0,3.6842,175625,1860,1763,2026-08-17 07:32:32
200250,4,KIWOOM 인도Nifty50(합성),22245,5,-110,-0.49,22351.0,-2.0907,4593,102,1757,2026-08-17 07:32:32
0051G0,4,SOL 미국원자력SMR,14315,2,45,0.32,14296.0,-13.5307,19127,273,1754,2026-08-17 07:32:32
494330,2,ACE 라이프자산주주가치액티브,33385,2,770,2.36,33454.0,7.172,64582,2137,1753,2026-08-17 07:32:32
461950,2,KODEX 2차전지핵심소재10,5005,2,135,2.77,5022.0,-34.9144,716910,3546,1729,2026-08-17 07:32:32
403790,1,MIDAS 코스피액티브,58885,2,1510,2.63,58692.0,-10.3388,3888,225,1722,2026-08-17 07:32:32
490600,4,RISE 미국배당100데일리고정커버드콜,9345,2,35,0.38,9340.0,4.2204,242099,2260,1719,2026-08-17 07:32:32
472870,6,RISE 미국30년국채엔화노출(합성 H),7085,2,10,0.14,7107.0,-8.5155,252034,1784,1718,2026-08-17 07:32:32
0190G0,2,KODEX 반도체타겟위클리커버드콜,8695,2,125,1.46,8705.0,-20.3315,298248,2585,1713,2026-08-17 07:32:32
0099L0,6,ACE 우량회사채(AA-이상)액티브,99595,5,-10,-0.01,99615.0,0.6925,16692,1663,1712,2026-08-17 07:32:32
337160,2,KODEX 200ESG,48820,2,1235,2.6,48644.0,-8.512,20618,998,1709,2026-08-17 07:32:32
332500,1,ACE 200TR,74090,2,1915,2.65,74239.0,-11.6715,52144,3846,1704,2026-08-17 07:32:32
0180V0,4,ACE 미국우주테크액티브,9090,5,-300,-3.19,9123.0,-28.2558,720303,6535,1700,2026-08-17 07:32:32
160580,5,TIGER 구리실물,16625,2,170,1.03,16731.0,-3.985,69678,1155,1696,2026-08-17 07:32:32
494220,2,UNICORN SK하이닉스밸류체인액티브,47415,2,1310,2.84,47477.0,-11.1913,160380,7553,1683,2026-08-17 07:32:32
480020,4,ACE 미국빅테크7+데일리타겟커버드콜(합성),10730,5,-5,-0.05,10733.0,-11.8938,227249,2436,1674,2026-08-17 07:32:32
480030,4,ACE 미국500데일리타겟커버드콜(합성),10345,2,30,0.29,10339.0,-2.2444,113564,1174,1655,2026-08-17 07:32:32
237370,7,KODEX 코리아배당성장채권혼합,15835,2,85,0.54,15836.0,-2.5629,26803,423,1647,2026-08-17 07:32:32
143860,2,TIGER 헬스케어,40540,5,-110,-0.27,40557.0,-11.2717,32478,1322,1638,2026-08-17 07:32:32
272560,6,RISE 단기국공채액티브,114790,2,10,0.01,114789.0,0.6444,2676,307,1604,2026-08-17 07:32:32
476450,6,KIWOOM 머니마켓액티브,52710,2,10,0.02,52706.0,0.755,2696,142,1594,2026-08-17 07:32:32
354500,1,ACE 코스닥150,14980,2,30,0.2,15015.0,-25.1375,299353,4442,1588,2026-08-17 07:32:32
0048K0,4,KODEX 차이나휴머노이드로봇,9295,5,-110,-1.17,9288.0,-17.9875,399616,3701,1585,2026-08-17 07:32:32
491820,2,HANARO 전력설비투자,44005,5,-440,-0.99,44095.0,-34.9904,93841,4077,1584,2026-08-17 07:32:32
0064K0,5,KODEX 금액티브,12850,5,-180,-1.38,12866.0,-12.2568,189841,2435,1579,2026-08-17 07:32:32
152870,1,파워 200,111165,2,2925,2.7,111390.0,-11.7596,4042,447,1556,2026-08-17 07:32:32
491610,6,1Q CD금리액티브(합성),104715,2,10,0.01,104700.0,0.731,16721,1750,1553,2026-08-17 07:32:32
464240,6,KIWOOM 26-09회사채(AA-이상)액티브,52365,5,-10,-0.02,52356.0,0.7486,323,16,1545,2026-08-17 07:32:32
0151P0,2,RISE 코리아전략산업액티브,15115,2,285,1.92,15146.0,-21.362,116804,1751,1542,2026-08-17 07:32:32
0104H0,7,KoAct 미국나스닥채권혼합50액티브,12130,2,20,0.17,12147.0,-7.121,63763,773,1534,2026-08-17 07:32:32
0127M0,4,ACE 미국대형가치주액티브,12735,2,40,0.32,12783.0,4.7149,71239,905,1522,2026-08-17 07:32:32
0153K0,2,KODEX 주주환원고배당주,12240,2,140,1.16,12265.0,0.346,125499,1529,1518,2026-08-17 07:32:32
219480,4,KODEX 미국S&P500선물(H),33645,2,220,0.66,33653.0,3.9388,19139,643,1514,2026-08-17 07:32:32
138520,2,TIGER 삼성그룹,37400,2,770,2.1,37356.0,-1.579,25108,924,1503,2026-08-17 07:32:32
457990,2,PLUS 태양광&ESS,38815,2,85,0.22,38835.0,-24.1969,382782,14680,1494,2026-08-17 07:32:32
245340,4,TIGER 미국다우존스30,37125,5,-10,-0.03,37113.0,3.1243,13615,505,1485,2026-08-17 07:32:32
481180,4,SOL 미국AI소프트웨어,16955,2,435,2.63,17004.0,29.1809,140915,2393,1484,2026-08-17 07:32:32
458210,7,KIWOOM CD금리액티브(합성),110465,2,5,0.0,110419.0,0.7249,1085,119,1484,2026-08-17 07:32:32
0005D0,2,SOL 전고체배터리&실리콘음극재,14895,2,395,2.72,14905.0,-36.1004,444743,6530,1482,2026-08-17 07:32:32
486830,6,HANARO 머니마켓액티브,53210,2,5,0.01,53217.0,0.7956,1387,73,1469,2026-08-17 07:32:32
0041E0,4,KODEX 미국S&P500액티브,16930,2,80,0.47,16937.0,-5.3808,120509,2045,1439,2026-08-17 07:32:32
0168K0,2,TIGER 기술이전바이오액티브,6850,5,-5,-0.07,6838.0,-23.2063,1161843,7933,1420,2026-08-17 07:32:32
495330,1,1Q 코리아밸류업,32830,2,1770,5.7,32776.0,-11.1451,21154,688,1412,2026-08-17 07:32:32
451530,6,TIGER 국고채30년스트립액티브,33995,2,85,0.25,34263.0,-19.2518,40101,1365,1392,2026-08-17 07:32:32
0074K0,2,KoAct K수출핵심기업TOP30액티브,17940,2,190,1.07,17939.0,-14.3471,128987,2281,1381,2026-08-17 07:32:32
192090,4,TIGER 차이나CSI300,12955,5,-100,-0.77,12969.0,-9.8783,50238,648,1373,2026-08-17 07:32:32
0123G0,4,TIGER 미국AI전력SMR,7120,2,65,0.92,7124.0,-16.432,94511,672,1371,2026-08-17 07:32:32
304660,6,KODEX 미국30년국채울트라선물(H),7265,2,20,0.28,7272.0,-1.8907,41775,303,1351,2026-08-17 07:32:32
0176E0,4,RISE 미국AI전력인프라액티브,10850,5,-180,-1.63,10835.0,-16.5706,26368,286,1345,2026-08-17 07:32:32
0131W0,6,1Q 단기특수은행채액티브,102005,2,5,0.0,102007.0,0.681,137,13,1344,2026-08-17 07:32:32
0184L0,6,PLUS 중기종합채권(A-이상)액티브,100590,5,-25,-0.02,100572.0,0.6906,10001,1005,1343,2026-08-17 07:32:32
476030,4,SOL 미국나스닥100,17870,2,130,0.73,17873.0,-2.9782,175876,3142,1340,2026-08-17 07:32:32
251340,3,KODEX 코스닥150선물인버스,2305,5,-5,-0.22,2331.0,15.6547,65272501,151700,1337,2026-08-17 07:32:32
271050,5,KODEX WTI원유선물인버스(H),2075,2,10,0.48,2078.0,6.6289,1102704,2304,1337,2026-08-17 07:32:32
139220,2,TIGER 200 건설,7700,2,105,1.38,7717.0,-24.3615,434824,3354,1329,2026-08-17 07:32:32
463680,4,KODEX 미국S&P500테크놀로지,23495,2,105,0.45,23326.0,2.2699,31607,743,1327,2026-08-17 07:32:32
0080Y0,2,SOL 조선TOP3플러스레버리지,10405,2,580,5.9,10458.0,-47.975,614887,6368,1321,2026-08-17 07:32:32
0181B0,4,HANARO 미국AI메모리반도체TOP4+,10600,2,480,4.74,10542.0,3.4651,524175,5543,1320,2026-08-17 07:32:32
471760,2,TIGER AI반도체핵심공정,14655,2,400,2.81,14654.0,-35.4121,520143,7484,1319,2026-08-17 07:32:32
182480,7,TIGER 미국MSCI리츠(합성 H),14000,2,275,2.0,14068.0,3.2886,8241,114,1316,2026-08-17 07:32:32
325010,2,KODEX 성장주,43780,2,580,1.34,43923.0,-13.6404,16245,709,1313,2026-08-17 07:32:32
411420,4,KODEX 미국나스닥AI테크액티브,27760,2,90,0.33,27750.0,-7.5861,11369,314,1305,2026-08-17 07:32:32
0193G0,1,KoAct 코스피액티브,8595,2,170,2.02,8583.0,,213103,1811,1298,2026-08-17 07:32:32
488720,7,WON 종합채권(AA-이상)액티브,48480,3,0,0.0,48532.0,-1.443,0,0,1297,2026-08-17 07:32:32
0199C0,2,ACE 고배당주Plus커버드콜액티브,9380,2,115,1.24,9399.0,,650590,6063,1276,2026-08-17 07:32:32
448100,1,WON 200,113255,2,2855,2.59,113561.0,-11.8778,13943,1578,1274,2026-08-17 07:32:32
367770,2,RISE 수소경제테마,24200,2,510,2.15,24240.0,-25.6072,33631,807,1271,2026-08-17 07:32:32
377990,2,TIGER Fn신재생에너지,25130,5,-260,-1.02,25188.0,-32.0962,110083,2736,1257,2026-08-17 07:32:32
0092B0,2,SOL 한국원자력SMR,15480,2,330,2.18,15444.0,-30.8775,158275,2426,1254,2026-08-17 07:32:32
114820,6,TIGER 국채3년,105110,5,-30,-0.03,105118.0,0.6029,8161,858,1251,2026-08-17 07:32:32
447620,7,SOL 미국TOP5채권혼합50,16030,2,25,0.16,16059.0,-2.3157,75720,1215,1250,2026-08-17 07:32:32
464310,4,TIGER 글로벌AI&로보틱스 INDXX,14905,5,-5,-0.03,14970.0,-15.3847,16411,245,1237,2026-08-17 07:32:32
0000Y0,6,HK 26-12 회사채(AA-이상)액티브,101730,5,-15,-0.01,101745.0,0.6231,101,10,1231,2026-08-17 07:32:32
399110,4,SOL 미국S&P500ESG,21880,2,10,0.05,21838.0,0.8382,5970,130,1225,2026-08-17 07:32:32
464930,4,TIGER 글로벌혁신블루칩TOP10,21865,5,-35,-0.16,21903.0,-2.0386,16853,368,1214,2026-08-17 07:32:32
328370,1,PLUS 코스피TR,39090,2,800,2.09,39233.0,-12.5797,2090,81,1212,2026-08-17 07:32:32
0191W0,6,HANARO 중기종합채권(A-이상)액티브,100880,5,-30,-0.03,100883.0,,49,4,1211,2026-08-17 07:32:32
0177X0,2,ACE K휴머노이드로봇산업TOP2+,10945,2,595,5.75,10951.0,-27.6125,993401,10801,1209,2026-08-17 07:32:32
372330,4,KODEX 차이나항셍테크,7270,5,-165,-2.22,7293.0,-12.4685,35561,260,1200,2026-08-17 07:32:32
488500,4,TIGER 미국S&P500동일가중,13280,2,70,0.53,13277.0,4.674,60912,810,1195,2026-08-17 07:32:32
309230,4,ACE 미국WideMoat동일가중,32455,2,310,0.96,32575.0,8.2762,4080,132,1194,2026-08-17 07:32:32
332940,1,HANARO MSCI Korea TR,49355,2,1740,3.65,49190.0,-11.1282,374,18,1185,2026-08-17 07:32:32
0174B0,7,KoAct 글로벌AI메모리반도체액티브,15020,2,370,2.53,15062.0,-1.0215,139547,2092,1179,2026-08-17 07:32:32
0000J0,2,PLUS 한화그룹주,30050,2,340,1.14,30125.0,-23.6923,78717,2361,1172,2026-08-17 07:32:32
266370,2,KODEX IT,68935,2,2695,4.07,68693.0,-8.8343,29773,2039,1172,2026-08-17 07:32:32
469170,2,ACE 포스코그룹포커스,5805,2,100,1.75,5805.0,-31.1892,797571,4589,1164,2026-08-17 07:32:32
304940,4,KODEX 미국나스닥100선물(H),33095,2,290,0.88,33132.0,1.0997,8595,284,1158,2026-08-17 07:32:32
326240,2,RISE IT플러스,44990,2,1040,2.37,45094.0,-9.7493,8287,368,1152,2026-08-17 07:32:32
0036R0,4,RISE 미국휴머노이드로봇,20330,2,80,0.4,20322.0,-7.7564,21829,443,1138,2026-08-17 07:32:32
0122W0,6,RISE 26-11 회사채(AA-이상)액티브,50925,3,0,0.0,50935.0,0.6224,2651,135,1138,2026-08-17 07:32:32
0135Y0,6,IBK 중기종합채권(AA-이상)액티브,100450,3,0,0.0,100407.0,0.5206,0,0,1132,2026-08-17 07:32:32
498180,6,파워 종합채권(AA-이상)액티브,93255,2,250,0.27,93131.0,-1.3697,1,0,1129,2026-08-17 07:32:32
491230,6,PLUS 국공채머니마켓액티브,52450,2,5,0.01,52434.0,0.8556,11117,583,1128,2026-08-17 07:32:32
319640,4,TIGER 골드선물(H),25565,5,-240,-0.93,25589.0,-8.6802,17914,457,1125,2026-08-17 07:32:32
0209D0,2,KODEX 전고체배터리ESS TOP2플러스,8190,2,175,2.18,8209.0,,619969,4988,1118,2026-08-17 07:32:32
168580,4,ACE 중국본토CSI300,35615,5,-260,-0.72,35803.0,-9.7555,1035,36,1111,2026-08-17 07:32:32
465610,4,ACE 미국빅테크TOP7 Plus레버리지(합성),45930,2,45,0.1,46035.0,-7.567,8071,370,1102,2026-08-17 07:32:32
455860,2,SOL 2차전지소부장Fn,4635,2,115,2.54,4636.0,-35.1749,406040,1853,1101,2026-08-17 07:32:32
394660,4,TIGER 글로벌자율주행&전기차SOLACTIVE,16780,5,-15,-0.09,16943.0,-16.1,2935,49,1101,2026-08-17 07:32:32
0052T0,6,1Q 중단기회사채(A-이상)액티브,50675,2,15,0.03,50669.0,0.7355,18,0,1081,2026-08-17 07:32:32
0221V0,6,IBK 초단기채권액티브,100285,3,0,0.0,100295.0,,2547,255,1072,2026-08-17 07:32:32
0132K0,7,PLUS 테슬라위클리커버드콜채권혼합,7970,2,5,0.06,8001.0,-6.4713,167559,1337,1072,2026-08-17 07:32:32
449770,4,KIWOOM 미국S&P500,21870,2,75,0.34,21916.0,-0.8544,3955,86,1072,2026-08-17 07:32:32
438570,6,SOL 국고채10년,98350,3,0,0.0,98284.0,-0.5361,164,16,1066,2026-08-17 07:32:32
496090,1,KIWOOM 코리아밸류업,32740,2,545,1.69,32879.0,-11.7326,440,14,1064,2026-08-17 07:32:32
0193M0,6,BNK 27-12 특수채(AAA이상)액티브,50315,5,-65,-0.13,50353.0,,99,4,1064,2026-08-17 07:32:32
261270,7,KODEX 미국달러선물인버스,7870,5,-5,-0.06,7888.0,5.0734,36960,291,1063,2026-08-17 07:32:32
0085P0,6,ACE 미국10년국채액티브,10110,3,0,0.0,10115.0,-5.1644,168746,1703,1062,2026-08-17 07:32:32
0142D0,4,TIGER 미국AI데이터센터TOP4Plus,11910,2,65,0.55,11820.0,-10.7866,236667,2814,1060,2026-08-17 07:32:32
0091M0,6,HANARO 27-06 회사채(AA-이상)액티브,10150,2,5,0.05,10150.0,0.5448,280,2,1059,2026-08-17 07:32:32
475280,6,ACE 8월만기자동연장회사채AA-이상액티브,10720,3,0,0.0,10721.0,0.7518,1099,11,1032,2026-08-17 07:32:32
465780,6,마이티 26-09 특수채(AAA)액티브,106275,3,0,0.0,106294.0,0.6725,0,0,1023,2026-08-17 07:32:32
476850,1,KoAct 배당성장액티브,21770,2,540,2.54,21838.0,-9.3698,49507,1071,1023,2026-08-17 07:32:32
0035T0,7,PLUS 글로벌휴머노이드로봇액티브,21200,2,375,1.8,21198.0,-16.1061,24877,526,1018,2026-08-17 07:32:32
0138Y0,7,PLUS 금채권혼합,9890,5,-45,-0.45,9917.0,-5.7198,286251,2827,1014,2026-08-17 07:32:32
114100,6,RISE 국고채3년,106670,2,10,0.01,106639.0,0.6499,2048,218,1005,2026-08-17 07:32:32
481430,6,RISE 국고채10년액티브,98345,5,-50,-0.05,98290.0,-0.521,669,65,1004,2026-08-17 07:32:32
0007N0,1,아이엠에셋 200,110705,2,2815,2.61,110876.0,-11.5047,146,16,996,2026-08-17 07:32:32
203780,4,TIGER 미국나스닥바이오,34995,5,-460,-1.3,34985.0,6.8549,17763,621,994,2026-08-17 07:32:32
204480,4,TIGER 차이나CSI300레버리지(합성),26695,5,-305,-1.13,26899.0,-21.3118,8970,236,993,2026-08-17 07:32:32
475050,2,ACE KPOP포커스,6865,2,105,1.55,6864.0,-24.7259,876409,6001,989,2026-08-17 07:32:32
0137V0,4,KIWOOM 미국S&P500모멘텀,12080,2,60,0.5,12087.0,-2.215,83134,1003,972,2026-08-17 07:32:32
308620,6,KODEX 미국10년국채선물,11890,2,10,0.08,11885.0,-5.259,24676,292,963,2026-08-17 07:32:32
461500,6,HANARO 종합채권(AA-이상)액티브,104770,2,165,0.16,104751.0,-1.4486,73,7,962,2026-08-17 07:32:32
485690,4,RISE 미국AI밸류체인TOP3Plus,22890,2,120,0.53,22876.0,-4.0021,56145,1287,961,2026-08-17 07:32:32
195980,4,PLUS 신흥국MSCI(합성 H),15185,2,50,0.33,15286.0,-0.1316,6116,92,954,2026-08-17 07:32:32
468380,6,KODEX iShares미국하이일드액티브,11290,5,-5,-0.04,11284.0,-3.5952,60508,682,951,2026-08-17 07:32:32
211900,2,KODEX 코리아배당성장,28760,2,545,1.93,28950.0,-11.0019,10180,292,949,2026-08-17 07:32:32
479620,4,SOL 미국AI반도체칩메이커,26725,2,120,0.45,26665.0,-3.7111,63823,1705,949,2026-08-17 07:32:32
433970,7,KODEX TDF2030액티브 적격,14300,2,50,0.35,14227.0,-0.5078,47080,672,944,2026-08-17 07:32:32
486240,2,DAISHIN343 AI반도체&인프라액티브,29445,2,200,0.68,29663.0,-13.7775,1416,41,942,2026-08-17 07:32:32
473440,6,ACE 11월만기자동연장회사채AA-이상액티브,10825,5,-5,-0.05,10837.0,0.604,14712,159,942,2026-08-17 07:32:32
454320,2,HANARO CAPEX설비투자iSelect,43700,2,460,1.06,43710.0,-26.0638,2456,105,940,2026-08-17 07:32:32
325020,2,KODEX 배당가치,30040,2,565,1.92,30130.0,-5.5609,15290,457,931,2026-08-17 07:32:32
143850,4,TIGER 미국S&P500선물(H),78680,2,400,0.51,78665.0,3.6217,1793,141,924,2026-08-17 07:32:32
269540,4,PLUS 미국S&P500(H),30565,2,180,0.59,30562.0,3.2078,5261,160,917,2026-08-17 07:32:32
444490,4,WON 미국S&P500,21035,2,95,0.45,21004.0,-0.5203,10340,217,915,2026-08-17 07:32:32
298770,4,KODEX 한국대만IT프리미어,83145,2,1065,1.3,83217.0,-0.3317,32944,2752,915,2026-08-17 07:32:32
0008T0,2,SOL 화장품TOP3플러스,17735,2,235,1.34,17702.0,9.8142,1599901,28599,913,2026-08-17 07:32:32
453080,4,KIWOOM 미국나스닥100(H),23345,2,195,0.84,23392.0,0.9828,15980,373,910,2026-08-17 07:32:32
0162L0,4,KODEX 차이나AI반도체TOP10,14160,5,-80,-0.56,14176.0,-5.8738,847641,11958,906,2026-08-17 07:32:32
329670,7,KODEX TRF7030,22620,2,35,0.15,22676.0,-0.2008,11729,265,905,2026-08-17 07:32:32
359210,1,KODEX 코스피TR,36145,2,845,2.39,36205.0,-12.3546,22039,790,904,2026-08-17 07:32:32
108450,2,ACE 삼성그룹섹터가중,41005,2,1060,2.65,40989.0,-3.3015,4947,201,902,2026-08-17 07:32:32
495040,1,PLUS 코리아밸류업,32530,2,865,2.73,32665.0,-11.8045,5515,179,895,2026-08-17 07:32:32
460960,7,ACE 글로벌인컴TOP10,11520,2,80,0.7,11494.0,-1.8037,84505,968,881,2026-08-17 07:32:32
490480,2,SOL K방산,31890,5,-180,-0.56,31886.0,-17.5863,22901,727,877,2026-08-17 07:32:32
138530,2,TIGER LG그룹플러스,12900,2,390,3.12,12899.0,-6.9936,216373,2757,859,2026-08-17 07:32:32
329660,7,KODEX TRF5050,18190,2,45,0.25,18234.0,-0.3023,39298,714,855,2026-08-17 07:32:32
0066W0,5,SOL 국제금,13000,5,-135,-1.03,13046.0,-12.0434,68894,893,852,2026-08-17 07:32:32
157490,2,TIGER 소프트웨어,9015,2,120,1.35,9048.0,-6.5804,160843,1451,846,2026-08-17 07:32:32
469060,4,RISE 미국반도체NYSE,37275,5,-85,-0.23,37402.0,-1.816,11574,432,839,2026-08-17 07:32:32
364960,2,TIGER BBIG,6865,2,90,1.33,6867.0,-13.2112,31088,211,834,2026-08-17 07:32:32
461460,6,PLUS 국고채10년액티브,51410,5,-30,-0.06,51385.0,-0.5706,192,9,834,2026-08-17 07:32:32
453330,4,RISE 미국S&P500(H),18465,2,105,0.57,18455.0,4.5892,18413,339,831,2026-08-17 07:32:32
0017Y0,6,1Q 종합채권(AA-이상)액티브,93790,2,165,0.18,93702.0,-1.4242,16,1,829,2026-08-17 07:32:32
0057H0,7,PLUS 미국S&P500미국채혼합50액티브,12045,2,20,0.17,12049.0,-2.3515,52879,636,819,2026-08-17 07:32:32
412770,4,TIGER 글로벌AI플랫폼액티브,13365,2,275,2.1,13450.0,-8.5529,28523,381,814,2026-08-17 07:32:32
0018C0,2,PLUS 고배당주위클리고정커버드콜,10780,2,190,1.79,10783.0,-11.5061,66651,712,814,2026-08-17 07:32:32
337140,2,KODEX 코스피대형주,36780,2,960,2.68,36943.0,-12.3578,41462,1518,809,2026-08-17 07:32:32
0049M0,4,ACE 미국배당퀄리티+커버드콜액티브,11670,2,35,0.3,11712.0,-0.4018,25268,295,805,2026-08-17 07:32:32
495750,1,HANARO 코리아밸류업,32805,2,980,3.08,32870.0,-12.7135,96,3,804,2026-08-17 07:32:32
0098N0,2,PLUS 자사주매입고배당주,12970,2,220,1.73,12982.0,-1.4557,78931,1018,791,2026-08-17 07:32:32
0080X0,7,SOL 미국S&P500미국채혼합50,11370,2,65,0.57,11374.0,-2.9865,75077,852,785,2026-08-17 07:32:32
492500,7,1Q 현대차그룹채권(A+이상)&국고통안,51290,2,10,0.02,51307.0,0.4406,311,15,781,2026-08-17 07:32:32
458030,6,WON 국공채머니마켓액티브,54975,5,-5,-0.01,54980.0,0.6868,3183,174,780,2026-08-17 07:32:32
210780,2,TIGER 코스피고배당,23565,2,425,1.84,23669.0,-8.8346,28988,679,778,2026-08-17 07:32:32
292190,1,KODEX KRX300,48565,2,1180,2.49,48778.0,-12.2004,2449,118,777,2026-08-17 07:32:32
434960,1,DAISHIN343 K200,110940,2,2850,2.64,111126.0,-11.8386,1730,189,777,2026-08-17 07:32:32
0225V0,4,KODEX 미국CPU반도체TOP10,11030,2,130,1.19,11031.0,,496133,5465,772,2026-08-17 07:32:32
365040,1,TIGER AI코리아그로스액티브,36745,2,745,2.07,36928.0,-10.049,6583,242,772,2026-08-17 07:32:32
228810,2,TIGER 미디어컨텐츠,3225,2,25,0.78,3228.0,-27.6906,353183,1140,763,2026-08-17 07:32:32
441540,2,HANARO Fn조선해운,28215,2,495,1.79,28303.0,-18.1581,9621,271,762,2026-08-17 07:32:32
211560,2,TIGER 배당성장,36210,2,840,2.37,36235.0,-10.4055,14967,539,760,2026-08-17 07:32:32
438560,6,SOL 국고채3년,100435,5,-75,-0.07,100467.0,0.7119,89,8,757,2026-08-17 07:32:32
0113D0,4,TIME 글로벌탑픽액티브,12430,2,10,0.08,12488.0,-1.2709,31721,394,752,2026-08-17 07:32:32
0102A0,4,TIGER 미국AI소프트웨어TOP4Plus,8840,2,300,3.51,8860.0,13.406,94409,834,743,2026-08-17 07:32:32
0190Y0,4,TIGER 구글밸류체인,9325,2,20,0.21,9320.0,-9.5834,25837,240,737,2026-08-17 07:32:32
266420,2,KODEX 헬스케어,18380,5,-245,-1.32,18414.0,-11.0143,28398,521,735,2026-08-17 07:32:32
272910,6,ACE 중장기국공채액티브,106150,5,-5,0.0,106118.0,0.4352,26,2,730,2026-08-17 07:32:32
475310,2,SOL 반도체후공정,26315,2,515,2.0,26351.0,-28.7629,158182,4115,724,2026-08-17 07:32:32
130730,6,KIWOOM 단기자금,102940,2,10,0.01,102927.0,0.6698,530,54,721,2026-08-17 07:32:32
0115E0,2,KODEX 코리아소버린AI,15335,2,475,3.2,15374.0,-5.7818,291261,4411,705,2026-08-17 07:32:32
0098Z0,1,FOCUS 200,93760,2,2130,2.32,94255.0,-11.9652,51,4,703,2026-08-17 07:32:32
475350,4,RISE 버크셔포트폴리오TOP10,14960,2,45,0.3,14912.0,2.1872,24244,361,703,2026-08-17 07:32:32
453950,4,TIGER TSMC파운드리밸류체인,35670,2,215,0.61,35545.0,1.9288,9414,335,696,2026-08-17 07:32:32
0022T0,4,SOL 국제금커버드콜액티브,13375,5,-155,-1.15,13444.0,-12.0065,114339,1524,696,2026-08-17 07:32:32
458750,4,TIGER 미국배당다우존스타겟커버드콜1호,13380,2,70,0.53,13366.0,3.6235,14099,188,689,2026-08-17 07:32:32
277640,2,TIGER 코스피대형주,38050,2,950,2.56,38192.0,-11.8404,20347,772,685,2026-08-17 07:32:32
440640,6,ACE 단기채권알파액티브,112540,2,10,0.01,112548.0,0.7835,2041,229,680,2026-08-17 07:32:32
433880,7,PLUS TDF2060액티브 적격,19235,2,85,0.44,19166.0,-2.1753,14495,278,679,2026-08-17 07:32:32
0181L0,4,SOL 미국우주항공TOP10,8265,5,-165,-1.96,8238.0,-28.1929,85915,708,678,2026-08-17 07:32:32
100910,1,KIWOOM KRX100,17365,2,265,1.55,17428.0,-11.2865,8140,140,677,2026-08-17 07:32:32
0197X0,2,SOL SK하이닉스선물단일종목인버스2X,8075,5,-465,-5.44,8051.0,,18401047,145877,674,2026-08-17 07:32:32
228800,2,TIGER 여행레저,2595,2,25,0.97,2613.0,-23.1112,272544,711,670,2026-08-17 07:32:32
0040S0,4,HANARO 글로벌피지컬AI액티브,25400,2,330,1.32,25319.0,-9.5764,10902,275,660,2026-08-17 07:32:32
491700,1,HK 200,109940,2,1730,1.6,111290.0,-12.0727,232,25,660,2026-08-17 07:32:32
465330,2,RISE 2차전지TOP10,11395,2,380,3.45,11396.0,-26.0785,202705,2270,652,2026-08-17 07:32:32
0036D0,4,TIME 미국배당다우존스액티브,13040,2,20,0.15,13200.0,1.2595,399787,5213,652,2026-08-17 07:32:32
278620,6,PLUS 단기채권액티브,118945,2,10,0.01,118952.0,0.6856,1310,155,652,2026-08-17 07:32:32
0000D0,7,TIGER 엔비디아미국채커버드콜밸런스(합성),9445,2,70,0.75,9442.0,-6.4477,35939,338,647,2026-08-17 07:32:32
306950,3,KODEX KRX300레버리지,80385,2,4005,5.24,80510.0,-36.4998,1728,138,643,2026-08-17 07:32:32
278240,3,RISE 코스닥150선물레버리지,8800,2,5,0.06,8748.0,-53.1167,61319,537,642,2026-08-17 07:32:32
261070,2,TIGER 코스닥150바이오테크,13755,5,-160,-1.15,13805.0,-21.1296,223990,3108,638,2026-08-17 07:32:32
495940,4,RISE 미국AI테크액티브,20260,2,60,0.3,20271.0,-10.1576,32616,659,638,2026-08-17 07:32:32
473640,4,HANARO 글로벌금채굴기업,32695,5,-775,-2.32,32760.0,-12.5803,29109,948,638,2026-08-17 07:32:32
0123S0,2,HANARO 26-12 은행채(AA+이상)액티브,10180,5,-10,-0.1,10179.0,0.6426,1626,16,636,2026-08-17 07:32:32
252400,3,RISE 200선물레버리지,105830,2,5425,5.4,105559.0,-35.3947,10074,1057,635,2026-08-17 07:32:32
455660,6,ACE 미국하이일드액티브(H),9485,2,10,0.11,9488.0,0.8465,12326,116,626,2026-08-17 07:32:32
419890,6,KIWOOM 단기채권ESG액티브,107505,2,15,0.01,107484.0,0.6365,56,6,624,2026-08-17 07:32:32
440910,4,WON 미국우주항공방산,28155,5,-155,-0.55,28161.0,3.511,4476,125,619,2026-08-17 07:32:32
453640,4,KODEX 미국S&P500헬스케어,14400,3,0,0.0,14400.0,9.3386,34902,501,619,2026-08-17 07:32:32
479730,4,TIGER 인도빌리언컨슈머,10485,2,20,0.19,10536.0,4.785,3963,41,619,2026-08-17 07:32:32
0111J0,2,HANARO 증권고배당TOP3플러스,13560,2,180,1.35,13528.0,-29.209,64437,862,617,2026-08-17 07:32:32
0210E0,2,PLUS 200커버드콜액티브,7615,2,235,3.18,7613.0,,140002,1057,617,2026-08-17 07:32:32
0194M0,2,ACE 삼성전자단일종목레버리지,12380,2,655,5.59,12448.0,,229189,2778,616,2026-08-17 07:32:32
476750,6,ACE 미국30년국채엔화노출액티브(H),7595,5,-15,-0.2,7614.0,-8.8151,77422,587,608,2026-08-17 07:32:32
275980,4,TIGER 글로벌4차산업혁신기술(합성 H),23820,2,320,1.36,24093.0,0.804,2249,53,605,2026-08-17 07:32:32
401470,2,KODEX 메타버스액티브,10085,2,285,2.91,10132.0,-1.2727,23025,230,600,2026-08-17 07:32:32
0166S0,2,PLUS K제조업핵심기업액티브,11180,2,345,3.18,11168.0,-21.101,33441,370,598,2026-08-17 07:32:32
0000Z0,2,RISE 바이오TOP10액티브,9830,5,-120,-1.21,9848.0,-30.2095,256404,2522,595,2026-08-17 07:32:32
261240,7,KODEX 미국달러선물,14610,5,-20,-0.14,14633.0,-4.2282,94863,1384,593,2026-08-17 07:32:32
0089C0,4,KODEX 미국S&P500변동성확대시커버드콜,11830,2,50,0.42,11908.0,-1.0041,617,7,592,2026-08-17 07:32:32
0194T0,2,ACE SK하이닉스단일종목레버리지,8340,2,500,6.38,8382.0,,317965,2660,590,2026-08-17 07:32:32
150460,2,TIGER 중국소비테마,7725,2,135,1.78,7763.0,-5.5624,23329,179,589,2026-08-17 07:32:32
491220,1,PLUS 200TR,130590,2,3065,2.4,131102.0,-11.6083,18745,2438,588,2026-08-17 07:32:32
0141S0,2,SOL 조선기자재,8905,2,120,1.37,8886.0,-29.6048,205171,1823,583,2026-08-17 07:32:32
304780,3,HANARO 200선물레버리지,128620,2,6360,5.2,128641.0,-35.1126,946,119,579,2026-08-17 07:32:32
298340,6,PLUS 국채선물3년,56515,5,-20,-0.04,56477.0,0.8476,22504,1272,576,2026-08-17 07:32:32
0118Z0,4,ACE 미국AI테크핵심산업액티브,9485,2,115,1.23,9461.0,-9.3213,19517,184,574,2026-08-17 07:32:32
225040,4,TIGER 미국S&P500레버리지(합성 H),69970,2,795,1.15,69886.0,7.6958,9617,672,574,2026-08-17 07:32:32
0172V0,5,1Q 은액티브,8600,5,-115,-1.32,8609.0,-29.9104,84553,723,572,2026-08-17 07:32:32
0197W0,2,SOL SK하이닉스단일종목레버리지,8200,2,490,6.36,8220.0,,261543,2155,570,2026-08-17 07:32:32
428510,4,KODEX 차이나AI테크액티브,25885,2,75,0.29,25717.0,-8.8525,18238,469,569,2026-08-17 07:32:32
455960,6,RISE 미국달러SOFR금리액티브(합성),12405,5,-25,-0.2,12412.0,-3.9861,3716,46,568,2026-08-17 07:32:32
0198A0,2,KIWOOM 코스닥150커버드콜액티브,9385,2,15,0.16,9363.0,,416464,3886,568,2026-08-17 07:32:32
0185L0,4,TIME 글로벌휴머노이드로봇산업액티브,8185,2,5,0.06,8194.0,,49629,406,561,2026-08-17 07:32:32
385590,2,ACE ESG액티브,24195,2,635,2.7,24288.0,-6.0571,3682,88,556,2026-08-17 07:32:32
0046Y0,4,ACE 미국배당퀄리티,13060,2,20,0.15,13082.0,-0.3831,16390,214,555,2026-08-17 07:32:32
445150,2,KODEX 친환경조선해운액티브,29915,2,835,2.87,29982.0,-21.8162,5508,163,553,2026-08-17 07:32:32
480310,4,TIGER 글로벌온디바이스AI,20210,2,85,0.42,20244.0,-4.8996,7555,152,546,2026-08-17 07:32:32
0118S0,4,SOL 미국넥스트테크TOP10액티브,11840,2,180,1.54,11823.0,-13.482,15600,183,545,2026-08-17 07:32:32
101280,4,KODEX 일본TOPIX100,31640,5,-95,-0.3,31828.0,2.7318,5700,181,538,2026-08-17 07:32:32
0226A0,7,PLUS SK하이닉스샌디스크채권혼합50,10730,2,455,4.43,10706.0,,323387,3474,537,2026-08-17 07:32:32
0132H0,4,KODEX 미국원자력SMR,9225,2,110,1.21,9159.0,-18.9011,28281,260,530,2026-08-17 07:32:32
0113P0,6,HK 머니마켓액티브,102295,2,5,0.0,102296.0,0.7435,20,2,530,2026-08-17 07:32:32
114470,6,KIWOOM 국고채3년,108060,5,-40,-0.04,108015.0,0.6645,1327,143,529,2026-08-17 07:32:32
253150,3,PLUS 200선물레버리지,211095,2,10550,5.26,211072.0,-35.2212,28816,6052,528,2026-08-17 07:32:32
418670,4,TIGER 글로벌AI사이버보안,19080,2,730,3.98,19023.0,38.0607,73051,1399,527,2026-08-17 07:32:32
0041D0,4,KODEX 미국AI소프트웨어TOP10,13855,2,440,3.28,13884.0,13.0598,80539,1115,526,2026-08-17 07:32:32
442560,7,RISE TDF2040액티브 적격,16870,2,105,0.63,16741.0,-1.7015,16503,278,523,2026-08-17 07:32:32
275300,2,KODEX 우량주,30700,2,895,3.0,30709.0,-8.4205,6305,192,522,2026-08-17 07:32:32
282000,3,RISE 국고채3년선물인버스,114515,2,125,0.11,114500.0,0.2451,4,0,515,2026-08-17 07:32:32
0020H0,4,KoAct 글로벌양자컴퓨팅액티브,23940,2,75,0.31,23967.0,-7.6033,13551,323,515,2026-08-17 07:32:32
0139P0,2,ACE 고배당주,13880,2,400,2.97,13931.0,-5.6018,35359,487,514,2026-08-17 07:32:32
256750,4,KODEX 차이나심천ChiNext(합성),16780,5,-25,-0.15,16758.0,-13.8825,8548,141,513,2026-08-17 07:32:32
152500,3,ACE 레버리지,46480,2,2200,4.97,46694.0,-35.7079,52117,2412,511,2026-08-17 07:32:32
200030,4,KODEX 미국S&P500산업재(합성),45305,2,55,0.12,45419.0,1.4215,1866,84,511,2026-08-17 07:32:32
261220,5,KODEX WTI원유선물(H),22880,5,-220,-0.95,22882.0,-13.0039,89491,2027,509,2026-08-17 07:32:32
140700,2,KODEX 보험,20340,2,990,5.12,20299.0,14.0793,111243,2230,509,2026-08-17 07:32:32
336160,6,RISE 금융채액티브,100390,5,-20,-0.02,100381.0,0.5244,16,1,508,2026-08-17 07:32:32
475260,6,ACE 2월만기자동연장회사채AA-이상액티브,10740,2,5,0.05,10734.0,0.6088,37,0,506,2026-08-17 07:32:32
287180,4,PLUS 미국나스닥테크,58660,2,1180,2.05,58654.0,5.513,1374,80,499,2026-08-17 07:32:32
218420,4,KODEX 미국S&P500에너지(합성),20205,2,25,0.12,20147.0,1.891,37720,761,496,2026-08-17 07:32:32
123310,3,TIGER 인버스,1125,5,-30,-2.6,1124.0,-6.0935,5022510,5678,491,2026-08-17 07:32:32
316670,1,KIWOOM 코스닥150,7405,2,10,0.14,7421.0,-25.428,63778,470,489,2026-08-17 07:32:32
476260,2,HANARO 반도체핵심공정주도주,12985,2,40,0.31,12991.0,-12.6766,302816,3878,487,2026-08-17 07:32:32
461340,4,HANARO 글로벌생성형AI액티브,44170,2,380,0.87,44128.0,-6.3799,2066,91,486,2026-08-17 07:32:32
276990,4,KODEX 글로벌로봇(합성),27435,2,75,0.27,27550.0,-8.3821,2300,63,486,2026-08-17 07:32:32
140950,1,파워 코스피100,86445,2,2355,2.8,86662.0,-11.4959,3005,258,484,2026-08-17 07:32:32
447430,2,ACE 주주환원가치주액티브,16335,2,155,0.96,16446.0,-7.9792,14365,235,482,2026-08-17 07:32:32
371470,4,TIGER 차이나바이오테크SOLACTIVE,8780,5,-280,-3.09,8880.0,4.2755,23052,203,481,2026-08-17 07:32:32
360140,2,KODEX 200롱코스닥150숏선물,21850,2,595,2.8,21921.0,13.3886,57607,1256,481,2026-08-17 07:32:32
494840,4,TIGER 미국방산TOP10,14120,5,-150,-1.05,14118.0,4.3102,23038,325,480,2026-08-17 07:32:32
442260,1,마이티 다이나믹퀀트액티브,38535,2,955,2.54,38429.0,-11.789,2530,96,478,2026-08-17 07:32:32
0086B0,2,TIGER 리츠부동산인프라TOP10액티브,9660,2,120,1.26,9735.0,-5.8504,21154,203,473,2026-08-17 07:32:32
0178H0,7,IBK 미국AI TOP10국채혼합50,10070,5,-10,-0.1,10107.0,-1.988,8757,88,473,2026-08-17 07:32:32
0220B0,1,DS 코스닥액티브,10360,5,-20,-0.19,10365.0,,124792,1277,471,2026-08-17 07:32:32
196030,4,ACE 일본TOPIX레버리지(H),94230,5,-225,-0.24,94791.0,14.8866,227,21,471,2026-08-17 07:32:32
473490,4,KIWOOM 글로벌AI반도체,31075,5,-170,-0.54,31166.0,-4.6896,2996,93,466,2026-08-17 07:32:32
401170,2,RISE 메타버스,11750,2,190,1.64,11709.0,9.3023,16023,186,465,2026-08-17 07:32:32
442090,2,에셋플러스 코리아대장장이액티브,30340,2,230,0.76,30533.0,-13.041,762,22,455,2026-08-17 07:32:32
472830,6,RISE 미국30년국채커버드콜(합성),8170,2,5,0.06,8185.0,-7.0285,33730,275,453,2026-08-17 07:32:32
453650,4,KODEX 미국S&P500금융,20145,2,35,0.17,20180.0,8.4816,13964,281,453,2026-08-17 07:32:32
238720,4,ACE 일본Nikkei225(H),50110,2,560,1.13,49994.0,10.3866,3335,167,451,2026-08-17 07:32:32
375770,2,KODEX 탄소효율그린뉴딜,25035,2,540,2.2,25209.0,-11.3409,201,5,451,2026-08-17 07:32:32
475270,6,ACE 5월만기자동연장회사채AA-이상액티브,10710,3,0,0.0,10719.0,0.6106,0,0,447,2026-08-17 07:32:32
487130,2,KoAct AI인프라액티브,28460,2,500,1.79,28487.0,-22.2617,12858,361,441,2026-08-17 07:32:32
0186S0,7,1Q 코스닥150채권혼합50액티브,8570,5,-15,-0.17,8627.0,-12.7614,479512,4099,437,2026-08-17 07:32:32
0100K0,2,KODEX 방산TOP10레버리지,7775,5,-265,-3.3,7804.0,-42.8309,253816,1960,435,2026-08-17 07:32:32
0207G0,2,SOL 우주항공밸류체인,7495,2,15,0.2,7524.0,,476260,3571,435,2026-08-17 07:32:32
305050,1,ACE 코스피,72390,2,1515,2.14,72471.0,-12.1907,5044,363,434,2026-08-17 07:32:32
473590,4,ACE 미국주식베스트셀러,19565,2,215,1.11,19503.0,-23.1993,143113,2793,430,2026-08-17 07:32:32
429760,4,PLUS 미국S&P500,20395,2,100,0.49,20383.0,-0.4571,1724,35,428,2026-08-17 07:32:32
440650,6,ACE 미국달러단기채권액티브,11890,5,-15,-0.13,11887.0,-4.0356,76344,906,428,2026-08-17 07:32:32
139280,2,TIGER 경기방어,13045,2,190,1.48,13086.0,-3.5039,33732,436,428,2026-08-17 07:32:32
0007G0,4,PLUS 글로벌원자력밸류체인,14225,5,-40,-0.28,14251.0,-14.9732,2551,36,427,2026-08-17 07:32:32
261120,7,TIGER 미국달러선물인버스2X,5045,2,30,0.6,5034.0,10.5147,60128,304,424,2026-08-17 07:32:32
448570,1,FOCUS AI코리아액티브,31245,2,725,2.38,31357.0,-7.4223,187,5,422,2026-08-17 07:32:32
0191M0,6,마이티 5월만기자동연장특수채(AAA)액티브,100625,3,0,0.0,100643.0,,0,0,417,2026-08-17 07:32:32
0141T0,6,SOL 중기종합채권(AA-이상)액티브,50310,5,-5,-0.01,50301.0,0.63,20,1,415,2026-08-17 07:32:32
472840,1,IBK 200,109325,2,2135,1.99,109820.0,-12.0552,532,57,410,2026-08-17 07:32:32
0189B0,5,TIGER 은액티브,8280,5,-100,-1.19,8242.0,-29.2913,53627,442,410,2026-08-17 07:32:32
464470,6,PLUS 미국채30년액티브,49215,5,-10,-0.02,49329.0,-6.797,5365,264,406,2026-08-17 07:32:32
0192L0,2,RISE SK하이닉스단일종목레버리지,8485,2,530,6.66,8524.0,,58846,506,405,2026-08-17 07:32:32
183700,7,RISE 200채권혼합50,96125,2,670,0.7,96716.0,-6.134,2997,288,404,2026-08-17 07:32:32
365000,2,TIGER 인터넷TOP10,3935,3,0,0.0,3933.0,-19.1992,261686,1024,401,2026-08-17 07:32:32
400970,2,TIGER Fn메타버스,7860,2,145,1.88,7878.0,-14.3791,63848,499,401,2026-08-17 07:32:32
139320,5,TIGER 금은선물(H),18115,5,-205,-1.12,18252.0,-11.288,13373,242,399,2026-08-17 07:32:32
147970,2,TIGER 모멘텀,83000,2,700,0.85,83335.0,-15.7104,11307,940,398,2026-08-17 07:32:32
322410,2,HANARO K고배당,23350,2,505,2.21,23365.0,-3.9208,4800,111,397,2026-08-17 07:32:32
275280,2,KODEX 모멘텀주,43320,2,800,1.88,43419.0,-11.2028,8631,371,390,2026-08-17 07:32:32
491830,4,TIGER 미국AI반도체팹리스,22905,2,105,0.46,22888.0,-0.123,11562,264,389,2026-08-17 07:32:32
475070,4,KoAct 글로벌친환경전력인프라액티브,32345,5,-200,-0.61,32440.0,-22.9515,4087,131,388,2026-08-17 07:32:32
0209Z0,2,ACE 코리아AI전력TOP10,7240,5,-10,-0.14,7249.0,,162430,1163,387,2026-08-17 07:32:32
195930,4,TIGER 유로스탁스50(합성 H),24195,2,20,0.08,24097.0,12.2217,5575,134,387,2026-08-17 07:32:32
352540,7,KODEX 일본부동산리츠(H),11350,5,-20,-0.18,11400.0,-0.1344,8126,92,386,2026-08-17 07:32:32
437070,6,KODEX 아시아달러채권ESG플러스액티브,60825,5,-60,-0.1,60991.0,-5.4174,1652,100,384,2026-08-17 07:32:32
498860,2,RISE 코리아금융고배당,17240,2,430,2.56,17271.0,-14.318,13273,227,379,2026-08-17 07:32:32
449690,4,TIGER 한중반도체(합성),50245,2,175,0.35,50217.0,-8.4874,928,46,377,2026-08-17 07:32:32
456680,4,TIGER 차이나전기차레버리지(합성),7170,5,-90,-1.24,7270.0,-41.7074,3163,22,375,2026-08-17 07:32:32
0112X0,1,마이티 200TR,41625,2,1305,3.24,41476.0,-10.934,20870,862,375,2026-08-17 07:32:32
381560,2,HANARO Fn전기&수소차,18680,2,680,3.78,18718.0,-8.5777,4256,78,374,2026-08-17 07:32:32
450910,1,SOL 코스닥150,14520,2,10,0.07,14560.0,-25.5576,69430,996,372,2026-08-17 07:32:32
276970,4,KODEX 미국S&P500배당귀족커버드콜(합성 H),7905,2,70,0.89,7938.0,11.4348,17625,139,372,2026-08-17 07:32:32
292560,7,TIGER 일본엔선물,8255,3,0,0.0,8229.0,-5.4952,87782,723,371,2026-08-17 07:32:32
0192M0,2,RISE 삼성전자단일종목레버리지,12435,2,555,4.67,12546.0,,24618,300,370,2026-08-17 07:32:32
385520,2,KODEX 자율주행액티브,17150,2,680,4.13,17155.0,-13.2305,8759,148,369,2026-08-17 07:32:32
104530,2,KIWOOM 코리아고배당,17975,2,415,2.36,18047.0,-11.7265,13811,246,368,2026-08-17 07:32:32
452250,6,ACE 미국30년국채선물레버리지(합성 H),4750,2,35,0.74,4760.0,-5.5667,15847,75,368,2026-08-17 07:32:32
0154F0,2,WON 초대형IB&금융지주,12360,2,110,0.9,12404.0,-13.0496,10284,126,365,2026-08-17 07:32:32
469050,4,RISE 미국반도체NYSE(H),32995,5,-90,-0.27,33099.0,2.834,5218,172,363,2026-08-17 07:32:32
292770,6,KODEX 국채선물3년인버스,57555,3,0,0.0,57616.0,0.2872,0,0,363,2026-08-17 07:32:32
465660,4,TIGER 일본반도체FACTSET,26840,2,340,1.28,26868.0,0.6231,70415,1896,362,2026-08-17 07:32:32
0085N0,6,ACE 미국10년국채액티브(H),9785,2,20,0.2,9787.0,-0.4612,29167,285,362,2026-08-17 07:32:32
322400,2,HANARO e커머스,10735,2,105,0.99,10814.0,-10.3175,1574,16,360,2026-08-17 07:32:32
352560,7,KODEX 미국부동산리츠(H),12600,2,205,1.65,12550.0,2.794,35836,450,359,2026-08-17 07:32:32
380340,2,ACE 코리아AI테크핵심산업,29845,2,765,2.63,30065.0,5.125,58697,1741,358,2026-08-17 07:32:32
153270,1,KIWOOM 코스피100,84845,2,1980,2.39,85161.0,-11.7838,4945,417,356,2026-08-17 07:32:32
0023B0,4,PLUS 미국양자컴퓨팅TOP10,17350,2,60,0.35,17375.0,-10.2896,21498,371,356,2026-08-17 07:32:32
105780,2,RISE 5대그룹주,17710,2,610,3.57,17657.0,-9.9645,16209,284,354,2026-08-17 07:32:32
276650,4,RISE 글로벌테크놀로지(합성 H),47215,2,545,1.17,47161.0,2.8089,558,26,354,2026-08-17 07:32:32
0155N0,2,HANARO K휴머노이드테마TOP10,8675,2,375,4.52,8703.0,-23.3319,155407,1339,351,2026-08-17 07:32:32
241390,7,RISE V&S셀렉트밸류채권혼합,15945,2,280,1.79,15940.0,-4.4881,4886,77,351,2026-08-17 07:32:32
0192T0,2,SOL 코스닥TOP10,7770,2,20,0.26,7773.0,,438508,3380,350,2026-08-17 07:32:32
407830,4,에셋플러스 글로벌플랫폼액티브,14470,2,245,1.72,14452.0,-12.8314,1471,21,347,2026-08-17 07:32:32
474800,4,KIWOOM 미국원유에너지기업,15755,2,35,0.22,15772.0,1.2344,33960,534,347,2026-08-17 07:32:32
446690,4,KODEX 아시아AI반도체exChina액티브,62910,2,1080,1.75,62911.0,-6.0628,32122,2027,346,2026-08-17 07:32:32
476690,4,TIGER 글로벌비만치료제TOP2Plus,10885,5,-5,-0.05,10919.0,2.2826,20131,218,343,2026-08-17 07:32:32
449780,4,KIWOOM 미국S&P500(H),18980,2,115,0.61,18977.0,3.9165,7149,135,342,2026-08-17 07:32:32
415920,5,PLUS 글로벌희토류&전략자원생산기업,7425,5,-15,-0.2,7429.0,-29.0493,57283,423,342,2026-08-17 07:32:32
261140,2,TIGER 우선주,25430,2,780,3.16,25420.0,-10.8713,19286,482,341,2026-08-17 07:32:32
459560,4,KODEX 테슬라밸류체인FactSet,22710,2,140,0.62,22730.0,-12.4421,1913,43,341,2026-08-17 07:32:32
174360,4,RISE 중국본토대형주CSI100,24325,5,-305,-1.24,24434.0,-10.6356,5444,132,341,2026-08-17 07:32:32
496770,4,PLUS 글로벌방산,19450,5,-155,-0.79,19471.0,10.637,11010,213,340,2026-08-17 07:32:32
295020,6,RISE 국채선물10년인버스,60505,2,85,0.14,60481.0,1.5866,7,0,340,2026-08-17 07:32:32
227540,2,TIGER 200 헬스케어,19930,2,80,0.4,19982.0,-1.9435,46276,917,339,2026-08-17 07:32:32
266360,2,KODEX K콘텐츠,10560,2,145,1.39,10521.0,-11.0363,50702,529,338,2026-08-17 07:32:32
468630,6,KODEX iShares미국투자등급회사채액티브,11185,2,5,0.04,11195.0,-5.7739,38350,428,337,2026-08-17 07:32:32
099140,4,KODEX 차이나H,21645,5,-150,-0.69,21595.0,-9.2818,1617,35,335,2026-08-17 07:32:32
122260,6,KIWOOM 통안채1년,104100,3,0,0.0,104091.0,0.6283,4206,437,333,2026-08-17 07:32:32
138910,5,KODEX 구리선물(H),10085,2,70,0.7,10092.0,-0.8358,49395,496,333,2026-08-17 07:32:32
465350,3,RISE 2차전지TOP10인버스(합성),16590,5,-440,-2.58,16638.0,18.9247,66782,1122,332,2026-08-17 07:32:32
464920,4,PLUS 일본반도체소부장,26530,2,285,1.09,26526.0,0.5305,32851,879,332,2026-08-17 07:32:32
0204S0,1,TIGER 코스닥액티브,7085,5,-140,-1.94,7078.0,,137932,974,332,2026-08-17 07:32:32
395170,2,KODEX Top10동일가중,16490,2,490,3.06,16538.0,-17.8472,10837,177,330,2026-08-17 07:32:32
494410,4,PLUS 미국S&P500성장주,14850,2,50,0.34,14910.0,-1.9729,2821,41,327,2026-08-17 07:32:32
256440,4,ACE MSCI인도네시아(합성),5355,2,40,0.75,5431.0,-14.9325,32021,170,327,2026-08-17 07:32:32
459750,4,RISE 글로벌주식분산액티브,18650,2,25,0.13,18560.0,-0.6234,11675,218,326,2026-08-17 07:32:32
0138T0,4,RISE 미국S&P500데일리고정커버드콜,9865,2,45,0.46,9887.0,-1.0712,46553,458,326,2026-08-17 07:32:32
0089B0,7,PLUS 미국나스닥100미국채혼합50,11615,2,55,0.48,11608.0,-3.5681,21028,243,325,2026-08-17 07:32:32
0150K0,2,KoAct 수소전력ESS인프라액티브,10950,2,205,1.91,10964.0,-30.9802,41068,442,318,2026-08-17 07:32:32
245350,4,TIGER 유로스탁스배당30,19815,5,-5,-0.03,19893.0,2.0702,3036,60,317,2026-08-17 07:32:32
0155M0,4,ACE 미국SMR원자력TOP10,7610,2,85,1.13,7593.0,-17.863,12460,94,316,2026-08-17 07:32:32
494340,4,ACE 글로벌AI맞춤형반도체,21005,2,155,0.74,20968.0,1.2533,21139,443,315,2026-08-17 07:32:32
156080,1,KODEX MSCI Korea,52440,2,1505,2.95,52612.0,-10.5038,971,50,315,2026-08-17 07:32:32
415340,4,KODEX 차이나과창판STAR50(합성),15190,5,-225,-1.46,15164.0,-5.9443,36115,546,314,2026-08-17 07:32:32
387270,4,TIGER 글로벌이노베이션액티브,25945,2,275,1.07,25966.0,-9.2357,1242,32,314,2026-08-17 07:32:32
139270,2,TIGER 200 금융,16875,2,220,1.32,16908.0,-1.7967,11296,190,314,2026-08-17 07:32:32
395290,2,HANARO Fn K-POP&미디어,5060,2,105,2.12,5041.0,-24.7024,125928,630,314,2026-08-17 07:32:32
491090,4,KODEX 미국테크TOP3플러스,18415,2,115,0.63,18418.0,-5.4359,9433,173,313,2026-08-17 07:32:32
476070,4,KODEX 글로벌비만치료제TOP2 Plus,11585,5,-25,-0.22,11637.0,3.3375,6018,69,313,2026-08-17 07:32:32
469790,2,KIWOOM 코리아테크TOP10,44640,2,1205,2.77,44794.0,-4.7118,1768,78,312,2026-08-17 07:32:32
275290,2,KODEX 가치주,34580,2,1235,3.7,34586.0,-8.0263,2838,97,311,2026-08-17 07:32:32
117460,2,KODEX 에너지화학,14295,2,235,1.67,14303.0,-19.377,44416,630,310,2026-08-17 07:32:32
426150,6,WON 대한민국국고채액티브,51065,2,150,0.29,50929.0,-2.9736,5,0,307,2026-08-17 07:32:32
450190,4,KODEX 한중반도체(합성),50800,5,-20,-0.04,50653.0,-7.5524,756,38,305,2026-08-17 07:32:32
0107F0,4,KIWOOM 미국고배당&AI테크,11950,2,140,1.19,12027.0,1.0826,16921,202,305,2026-08-17 07:32:32
248270,4,TIGER S&P글로벌헬스케어(합성),26700,5,-105,-0.39,26942.0,6.0575,6257,168,304,2026-08-17 07:32:32
192720,2,파워 고배당저변동성,59460,2,1320,2.27,59606.0,-5.8709,1446,85,303,2026-08-17 07:32:32
0203S0,7,WON 삼성전자현대차채권혼합50,9045,2,245,2.78,9044.0,,96444,864,303,2026-08-17 07:32:32
145850,2,TREX 펀더멘탈 200,121030,2,2650,2.24,120538.0,-5.6898,282,33,303,2026-08-17 07:32:32
414270,4,ACE 글로벌자율주행액티브,12315,5,-35,-0.28,12313.0,-17.1544,2590,31,302,2026-08-17 07:32:32
253250,3,KIWOOM 200선물레버리지,103755,2,4935,4.99,104016.0,-35.5239,9338,971,301,2026-08-17 07:32:32
0083S0,4,1Q 미국메디컬AI,10345,5,-90,-0.86,10376.0,5.0874,7583,78,300,2026-08-17 07:32:32
271060,5,KODEX 3대농산물선물(H),8245,5,-25,-0.3,8259.0,-6.678,21562,177,299,2026-08-17 07:32:32
0166N0,1,PLUS 코스닥150액티브,7720,2,15,0.19,7771.0,-34.1297,120531,921,293,2026-08-17 07:32:32
0137W0,4,KIWOOM 미국S&P500&GOLD,10780,2,45,0.42,10805.0,-1.3682,6046,65,291,2026-08-17 07:32:32
223190,2,KODEX 200가치저변동,29000,2,830,2.95,29028.0,-7.3872,461,13,290,2026-08-17 07:32:32
289480,3,TIGER 200커버드콜,12590,2,185,1.49,12625.0,11.8439,24817,311,290,2026-08-17 07:32:32
475380,7,RISE 글로벌리얼티인컴,10700,2,80,0.75,10714.0,-6.1357,6962,74,289,2026-08-17 07:32:32
0164G0,4,RISE 차이나AI반도체TOP4Plus,13670,5,-90,-0.65,13783.0,-7.0701,28839,392,287,2026-08-17 07:32:32
0184E0,7,1Q 200채권혼합50액티브,11035,2,135,1.24,11093.0,-4.5411,72464,801,287,2026-08-17 07:32:32
459790,4,KIWOOM 미국성장기업30액티브,21180,2,95,0.45,21210.0,-9.9682,244,5,286,2026-08-17 07:32:32
117680,2,KODEX 철강,12365,2,65,0.53,12395.0,-29.2392,73254,899,286,2026-08-17 07:32:32
0223R0,4,TIGER 미국테크NYSE100액티브,9945,2,115,1.17,9961.0,,34682,344,285,2026-08-17 07:32:32
489290,4,WON 미국빌리어네어,15660,2,110,0.71,15639.0,-5.0622,5107,79,282,2026-08-17 07:32:32
0103T0,2,1Q K소버린AI,9385,2,175,1.9,9389.0,-3.3471,50142,467,282,2026-08-17 07:32:32
0198B0,2,1Q 삼성전자선물단일종목레버리지,12800,2,660,5.44,12894.0,,31767,396,280,2026-08-17 07:32:32
0047R0,4,RISE 팔란티어고정테크100,15940,2,290,1.85,15999.0,6.5187,5289,84,279,2026-08-17 07:32:32
419430,4,KODEX 차이나2차전지MSCI(합성),9945,5,-70,-0.7,9972.0,-22.0612,2817,27,278,2026-08-17 07:32:32
261250,7,KODEX 미국달러선물레버리지,16735,5,-45,-0.27,16766.0,-9.2709,82574,1379,278,2026-08-17 07:32:32
261060,2,TIGER 코스닥150IT,23900,5,-10,-0.04,23925.0,-22.2132,60343,1425,277,2026-08-17 07:32:32
437350,6,RISE 미국단기투자등급회사채액티브,12535,5,-5,-0.04,12551.0,-4.386,16446,206,276,2026-08-17 07:32:32
493420,4,SOL 미국배당다우존스2호,13110,2,90,0.69,13084.0,3.6931,4922,64,275,2026-08-17 07:32:32
0218J0,7,RISE 미국우주&로봇TOP2미국채혼합50,9145,5,-25,-0.27,9114.0,,83700,762,274,2026-08-17 07:32:32
440340,7,TIGER 글로벌멀티에셋TIF액티브,12455,2,20,0.16,12426.0,-2.3974,6896,85,274,2026-08-17 07:32:32
0013R0,7,RISE 테슬라미국채타겟커버드콜혼합(합성),8020,2,90,1.13,8005.0,-12.0068,15229,122,273,2026-08-17 07:32:32
0198D0,2,1Q SK하이닉스선물단일종목레버리지,8660,2,535,6.58,8716.0,,68847,608,272,2026-08-17 07:32:32
0152E0,2,SOL 배당성향탑픽액티브,11240,2,190,1.72,11292.0,-8.0646,11707,131,270,2026-08-17 07:32:32
167860,6,KIWOOM 국고채10년레버리지,92325,5,-135,-0.15,92251.0,-1.4675,4,0,268,2026-08-17 07:32:32
245360,4,TIGER 차이나HSCEI,12440,5,-140,-1.11,12472.0,-9.5061,6735,83,267,2026-08-17 07:32:32
368190,2,HANARO Fn K-뉴딜디지털플러스,8335,2,190,2.33,8291.0,-12.5394,1088,8,267,2026-08-17 07:32:32
0115C0,4,RISE 미국고배당다우존스TOP10,11345,2,55,0.49,11326.0,3.5074,8570,96,267,2026-08-17 07:32:32
0097L0,7,KIWOOM 한국고배당&미국AI테크,12970,2,180,1.41,13042.0,-4.7468,11466,148,266,2026-08-17 07:32:32
461600,6,SOL 미국30년국채액티브(H),8340,2,10,0.12,8346.0,-2.2848,4758,39,263,2026-08-17 07:32:32
483570,4,KCGI 미국S&P500 TOP10,16300,2,105,0.65,16266.0,-6.5099,2159,35,261,2026-08-17 07:32:32
277540,4,ACE 아시아TOP50,32560,2,25,0.08,32557.0,-6.865,1834,59,260,2026-08-17 07:32:32
0206G0,7,1Q 현대차기아채권혼합50,8675,2,285,3.4,8668.0,,289611,2495,260,2026-08-17 07:32:32
0049K0,7,ACE 미국배당퀄리티채권혼합50,11370,2,30,0.26,11349.0,-0.3069,26399,300,256,2026-08-17 07:32:32
496120,1,ACE 코리아밸류업,34080,2,595,1.78,34219.0,-9.2297,890,30,256,2026-08-17 07:32:32
0093D0,7,KoAct 팔란티어밸류체인액티브,18765,2,205,1.1,18899.0,-1.3407,12780,239,253,2026-08-17 07:32:32
411540,1,SOL 200 Top10,18015,2,410,2.33,18067.0,-13.7679,8505,152,252,2026-08-17 07:32:32
185680,4,KODEX 미국S&P바이오(합성),47355,5,-720,-1.5,47472.0,8.7121,1576,74,252,2026-08-17 07:32:32
479850,2,HANARO K-뷰티,18650,5,-90,-0.48,18697.0,5.3672,97359,1824,252,2026-08-17 07:32:32
139250,2,TIGER 200 에너지화학,18230,2,640,3.64,18253.0,-11.6318,29410,531,252,2026-08-17 07:32:32
292500,1,SOL KRX300,49710,2,700,1.43,49916.0,-11.897,394,19,249,2026-08-17 07:32:32
464600,2,SOL 자동차소부장Fn,25950,2,925,3.7,25854.0,-4.9973,18071,462,247,2026-08-17 07:32:32
469160,4,ACE 일본반도체,27350,2,360,1.33,27263.0,-3.0486,7860,214,246,2026-08-17 07:32:32
195970,4,PLUS 선진국MSCI(합성 H),16785,2,75,0.45,16746.0,6.2341,2940,49,245,2026-08-17 07:32:32
159800,1,마이티 코스피100,87185,2,1855,2.17,87485.0,-11.4604,847,73,244,2026-08-17 07:32:32
0144M0,4,KODEX 미국드론UAM TOP10,8555,2,110,1.3,8601.0,-8.7467,12110,103,244,2026-08-17 07:32:32
292160,1,TIGER KRX300,48760,2,910,1.9,48987.0,-11.6442,841,41,244,2026-08-17 07:32:32
269420,4,KODEX S&P글로벌인프라(합성),22920,5,-110,-0.48,23011.0,-5.776,2351,53,244,2026-08-17 07:32:32
289250,2,TIGER MSCI KOREA ESG유니버설,35240,2,975,2.85,35387.0,-9.0301,1581,55,243,2026-08-17 07:32:32
481340,6,RISE 미국30년국채액티브,8835,2,20,0.23,8852.0,-7.3053,16823,148,243,2026-08-17 07:32:32
280930,4,KODEX 미국러셀2000(H),17255,2,5,0.03,17273.0,6.4466,5061,87,242,2026-08-17 07:32:32
367740,2,HANARO Fn5G산업,43900,2,1700,4.03,43746.0,-3.0156,2068,89,241,2026-08-17 07:32:32
438320,4,TIGER 차이나항셍테크레버리지(합성 H),5490,5,-165,-2.92,5550.0,-19.3833,45077,249,241,2026-08-17 07:32:32
225130,4,ACE 골드선물 레버리지(합성 H),48020,5,-1020,-2.08,47928.0,-17.9917,6208,296,240,2026-08-17 07:32:32
461450,1,KODEX 코스닥글로벌,16005,5,-140,-0.87,16113.0,-20.3534,38001,618,240,2026-08-17 07:32:32
388280,2,RISE K엔터&여행레저,7230,2,85,1.19,7242.0,-19.5774,8619,62,240,2026-08-17 07:32:32
364690,1,KODEX 혁신기술테마액티브,40000,2,580,1.47,40218.0,-10.9277,505,20,240,2026-08-17 07:32:32
138230,7,KIWOOM 미국달러선물,16540,5,-70,-0.42,16587.0,-4.6412,2576,42,240,2026-08-17 07:32:32
477730,4,KODEX 인도타타그룹,7890,2,10,0.13,7891.0,-0.5667,682,5,237,2026-08-17 07:32:32
457690,6,KODEX 33-06 국고채액티브,10510,3,0,0.0,10499.0,0.0475,1361,14,236,2026-08-17 07:32:32
252710,3,TIGER 200선물인버스2X,83,5,-5,-5.68,83.0,-25.8929,85141662,7148,236,2026-08-17 07:32:32
300950,2,KODEX 게임산업,5740,2,35,0.61,5756.0,-15.4017,58569,334,235,2026-08-17 07:32:32
0127R0,4,RISE 미국AI클라우드인프라,18740,5,-10,-0.05,18547.0,2.6372,39221,731,234,2026-08-17 07:32:32
0065G0,4,KODEX 차이나테크TOP10,9165,5,-195,-2.08,9185.0,-14.5878,20305,186,234,2026-08-17 07:32:32
442550,7,RISE TDF2030액티브 적격,14985,2,70,0.47,14903.0,-1.5317,6412,95,232,2026-08-17 07:32:32
433220,4,에셋플러스 글로벌대장장이액티브,31320,5,-240,-0.76,31462.0,-12.0843,63,1,232,2026-08-17 07:32:32
0047P0,4,RISE 테슬라고정테크100,14950,2,325,2.22,14923.0,-8.2231,16079,239,232,2026-08-17 07:32:32
0221Z0,2,ACE K바이오코스닥액티브,11510,5,-100,-0.86,11578.0,,349988,4057,230,2026-08-17 07:32:32
371450,4,TIGER 글로벌클라우드컴퓨팅INDXX,14700,2,625,4.44,14721.0,25.6947,39551,584,229,2026-08-17 07:32:32
204450,4,KODEX 차이나H레버리지(H),2285,5,-35,-1.51,2286.0,-14.5795,46969,107,229,2026-08-17 07:32:32
0186L0,4,KoAct 미국로봇피지컬AI액티브,9930,2,30,0.3,9934.0,-9.4392,12996,129,228,2026-08-17 07:32:32
0067V0,4,TIGER 차이나글로벌리더스TOP3+,10335,5,-105,-1.01,10401.0,-14.6926,993,10,227,2026-08-17 07:32:32
364990,2,TIGER 게임TOP10,5085,2,115,2.31,5073.0,-12.3276,111078,558,226,2026-08-17 07:32:32
0177A0,2,WON 두산그룹포커스,9235,2,105,1.15,9283.0,-28.3554,43757,399,226,2026-08-17 07:32:32
447660,7,PLUS 애플채권혼합,13665,2,20,0.15,13663.0,0.0302,26606,362,225,2026-08-17 07:32:32
471460,6,KIWOOM 국고채30년액티브,45000,2,140,0.31,44951.0,-9.5229,1175,52,225,2026-08-17 07:32:32
375760,2,HANARO 탄소효율그린뉴딜,24945,2,775,3.21,24859.0,-10.0714,177,4,225,2026-08-17 07:32:32
376410,2,TIGER 탄소효율그린뉴딜,24850,2,495,2.03,24959.0,-10.7679,3260,80,224,2026-08-17 07:32:32
0026E0,4,KODEX 미국S&P500버퍼3월액티브,12010,2,55,0.46,12043.0,-1.9192,128,1,222,2026-08-17 07:32:32
0153X0,4,PLUS 미국고배당주액티브,11660,2,90,0.78,11672.0,6.7198,15762,183,222,2026-08-17 07:32:32
108590,1,TREX 200,109765,2,2900,2.71,109943.0,-11.6973,69,7,220,2026-08-17 07:32:32
239660,6,PLUS 우량회사채50,121610,5,-40,-0.03,121620.0,0.6455,2579,313,219,2026-08-17 07:32:32
463300,4,RISE 중국본토CSI300,13650,5,-135,-0.98,13798.0,-9.3542,527,7,218,2026-08-17 07:32:32
0190M0,4,KIWOOM 미국AI테크하이베타,9465,2,20,0.21,9431.0,-11.8716,26006,245,218,2026-08-17 07:32:32
300640,2,RISE 게임테마,6695,5,-10,-0.15,6704.0,-10.9708,7886,52,218,2026-08-17 07:32:32
404260,2,KODEX 기후변화솔루션,24170,2,455,1.92,24335.0,-18.239,2841,68,218,2026-08-17 07:32:32
304770,1,HANARO 코스닥150,14850,2,55,0.37,14882.0,-25.189,18353,270,217,2026-08-17 07:32:32
253290,7,RISE 헬스케어채권혼합,11925,3,0,0.0,11983.0,-3.8131,27382,328,215,2026-08-17 07:32:32
169950,4,KODEX 차이나A50,26490,2,35,0.13,26632.0,-8.5291,724,19,212,2026-08-17 07:32:32
217770,5,TIGER 원유선물인버스(H),1320,2,10,0.76,1317.0,5.3471,474744,627,212,2026-08-17 07:32:32
417630,2,TIGER KEDI혁신기업ESG30,20100,2,405,2.06,20081.0,-6.7502,30854,618,211,2026-08-17 07:32:32
337120,2,KODEX 멀티팩터,35135,2,735,2.14,35067.0,-11.8945,91,3,211,2026-08-17 07:32:32
449580,7,RISE 테슬라애플아마존채권혼합,16200,2,70,0.43,16211.0,-4.9009,3205,51,211,2026-08-17 07:32:32
0223A0,2,RISE 코스닥커버드콜액티브,11035,5,-5,-0.05,11016.0,,263206,2843,210,2026-08-17 07:32:32
091220,2,TIGER 은행,16820,2,235,1.42,16826.0,6.665,33772,564,209,2026-08-17 07:32:32
226980,1,KODEX 200 중소형,23105,2,330,1.45,23175.0,-20.0803,17065,387,208,2026-08-17 07:32:32
489000,6,PLUS 일본엔화초단기국채(합성),9405,5,-15,-0.16,9413.0,-5.7616,59270,556,207,2026-08-17 07:32:32
152380,6,KODEX 국채선물10년,64930,5,-135,-0.21,64925.0,-0.5743,482,31,206,2026-08-17 07:32:32
416090,4,ACE 중국과창판STAR50,13760,5,-330,-2.34,13686.0,-6.8382,11936,164,206,2026-08-17 07:32:32
0104P0,2,TIGER 코리아배당다우존스위클리커버드콜,11425,2,275,2.47,11447.0,-3.8458,38776,438,206,2026-08-17 07:32:32
228820,1,TIGER KTOP30,19570,2,625,3.3,19602.0,-7.0494,9271,179,205,2026-08-17 07:32:32
407310,1,HANARO 200 TOP10,17680,2,430,2.49,17681.0,-14.3246,900,15,203,2026-08-17 07:32:32
0193K0,2,PLUS 삼성전자단일종목레버리지,13510,2,705,5.51,13627.0,,39277,520,203,2026-08-17 07:32:32
289040,2,KODEX MSCI KOREA ESG유니버설,33750,2,430,1.29,34005.0,-9.1101,502,16,203,2026-08-17 07:32:32
445910,2,TIGER MKF배당귀족,21195,2,455,2.19,21346.0,-9.7108,18278,384,201,2026-08-17 07:32:32
0105D0,2,SOL 한국AI소프트웨어,10540,2,305,2.98,10551.0,-4.1383,71948,752,200,2026-08-17 07:32:32
497780,4,KoAct 미국천연가스인프라액티브,10815,5,-35,-0.32,10894.0,-6.7173,7825,84,200,2026-08-17 07:32:32
0192S0,7,SOL 코스피200채권혼합50,9525,2,110,1.17,9553.0,,208590,1989,200,2026-08-17 07:32:32
487950,4,KODEX 대만테크고배당다우존스,13590,2,170,1.27,13592.0,3.4087,22742,309,197,2026-08-17 07:32:32
483330,4,ACE 마이크로소프트밸류체인액티브,15615,2,280,1.83,15625.0,7.1355,11873,185,195,2026-08-17 07:32:32
213630,4,PLUS 미국다우존스고배당주(합성 H),21195,2,210,1.0,21312.0,7.7255,9163,193,195,2026-08-17 07:32:32
0018Z0,4,RISE 미국양자컴퓨팅,19315,5,-15,-0.08,19406.0,-3.9628,7657,147,193,2026-08-17 07:32:32
229720,1,KODEX KTOP30,38595,2,895,2.37,38851.0,-8.5615,1736,66,193,2026-08-17 07:32:32
304760,1,HANARO KRX300,48210,2,1620,3.48,48037.0,-12.6706,170,8,193,2026-08-17 07:32:32
284980,2,RISE 200금융,22395,2,125,0.56,22480.0,-1.2543,5144,115,193,2026-08-17 07:32:32
461910,4,PLUS 미국테크TOP10레버리지(합성),38360,2,160,0.42,38732.0,-17.3187,412,15,192,2026-08-17 07:32:32
0203R0,6,WON 중단기종합채권(A-이상)액티브,50435,3,0,0.0,50464.0,,0,0,192,2026-08-17 07:32:32
415760,4,SOL 차이나육성산업액티브(합성),13905,5,-230,-1.63,14129.0,-6.9278,17650,246,189,2026-08-17 07:32:32
385600,2,ACE 2차전지&친환경차액티브,12560,2,450,3.72,12589.0,-13.3794,9974,124,188,2026-08-17 07:32:32
379790,4,RISE 유로스탁스50(H),17940,2,160,0.9,17796.0,12.3782,23265,417,188,2026-08-17 07:32:32
183710,7,RISE 주식혼합,94150,2,2380,2.59,93938.0,-8.2722,304,28,188,2026-08-17 07:32:32
0224X0,7,1Q 엔비디아알파벳미국채혼합50,10115,2,65,0.65,10087.0,,117021,1184,187,2026-08-17 07:32:32
468370,6,KODEX iShares미국인플레이션국채액티브,10995,5,-10,-0.09,11004.0,-5.779,17084,187,187,2026-08-17 07:32:32
236350,4,TIGER 인도니프티50레버리지(합성),30095,5,-145,-0.48,29950.0,-6.3774,2072,62,187,2026-08-17 07:32:32
445690,2,BNK 주주가치액티브,31065,2,635,2.09,30943.0,-12.6898,30,0,186,2026-08-17 07:32:32
0216Z0,2,ACE K방산TOP5+,9760,5,-170,-1.71,9773.0,,100748,978,185,2026-08-17 07:32:32
461900,4,PLUS 미국테크TOP10,22955,2,85,0.37,23000.0,-7.2151,1778,40,184,2026-08-17 07:32:32
195920,4,TIGER 일본TOPIX(합성 H),36230,2,430,1.2,36210.0,7.3163,370,13,181,2026-08-17 07:32:32
0104G0,2,PLUS K방산레버리지,7360,5,-90,-1.21,7388.0,-46.7632,129342,940,180,2026-08-17 07:32:32
227830,1,PLUS 코스피,72005,2,1100,1.55,72211.0,-12.2718,240,17,180,2026-08-17 07:32:32
419650,4,PLUS 글로벌수소&차세대연료전지,5530,5,-5,-0.09,5516.0,-28.3215,10217,56,180,2026-08-17 07:32:32
404120,2,TIME K신재생에너지액티브,25620,2,400,1.59,25853.0,-17.7,5254,133,179,2026-08-17 07:32:32
474920,4,에셋플러스 차이나일등기업포커스10액티브,19040,5,-285,-1.47,19055.0,4.1006,929,17,179,2026-08-17 07:32:32
477490,4,에셋플러스 글로벌일등기업포커스10액티브,19885,2,35,0.18,19920.0,-10.104,96,1,179,2026-08-17 07:32:32
280320,4,ACE 미국IT인터넷(합성 H),22095,2,410,1.89,22191.0,11.3659,173,3,177,2026-08-17 07:32:32
289260,2,TIGER MSCI KOREA ESG리더스,29260,2,885,3.12,29314.0,-4.7682,515,15,176,2026-08-17 07:32:32
292050,1,RISE KRX300,50110,2,910,1.85,50184.0,-12.0878,739,36,175,2026-08-17 07:32:32
391670,1,HK 베스트일레븐액티브,29200,2,1275,4.57,29256.0,-7.0804,555,16,175,2026-08-17 07:32:32
460660,4,RISE 미국S&P배당킹,12485,2,20,0.16,12520.0,7.9009,5531,69,175,2026-08-17 07:32:32
465670,4,TIGER 미국캐시카우100,17460,2,360,2.11,17288.0,15.1817,25555,446,175,2026-08-17 07:32:32
494420,2,PLUS 미국배당증가성장주데일리커버드콜,9695,5,-30,-0.31,9664.0,3.9225,16176,156,175,2026-08-17 07:32:32
0086C0,7,TIGER 리츠부동산인프라10채권혼합액티브,9900,2,60,0.61,9927.0,-1.966,3991,39,173,2026-08-17 07:32:32
225060,4,TIGER 이머징마켓MSCI레버리지(합성 H),16330,2,180,1.11,16381.0,-1.21,1169,19,173,2026-08-17 07:32:32
276000,4,TIGER 글로벌자원생산기업(합성 H),20210,5,-305,-1.49,20215.0,-5.0506,723,14,172,2026-08-17 07:32:32
332620,6,PLUS 미국장기우량회사채,90785,2,95,0.1,90997.0,-7.1007,923,83,170,2026-08-17 07:32:32
0207Z0,4,KIWOOM 미국우주데이터센터인프라,7645,5,-70,-0.91,7614.0,,15286,116,168,2026-08-17 07:32:32
488290,4,MIDAS 일본테크액티브,47860,5,-280,-0.58,48065.0,-1.8861,1198,58,168,2026-08-17 07:32:32
131890,2,ACE 삼성그룹동일가중,41820,2,1045,2.56,42020.0,0.3118,997,41,167,2026-08-17 07:32:32
387280,2,TIGER 퓨처모빌리티액티브,12360,2,590,5.01,12361.0,-21.2739,29340,355,167,2026-08-17 07:32:32
453630,4,KODEX 미국S&P500필수소비재,12790,2,155,1.23,12850.0,-3.2138,26278,335,166,2026-08-17 07:32:32
291130,4,ACE MSCI멕시코(합성),18445,5,-45,-0.24,18512.0,-10.396,372,6,166,2026-08-17 07:32:32
250730,4,RISE 차이나HSCEI(H),9740,5,-50,-0.51,9888.0,-7.2381,3396,33,166,2026-08-17 07:32:32
432840,4,HANARO 미국S&P500,20555,2,90,0.44,20570.0,-0.7002,791,16,164,2026-08-17 07:32:32
0090B0,2,PLUS K방산소부장,7415,5,-15,-0.2,7386.0,-41.6372,58821,434,163,2026-08-17 07:32:32
453820,4,KODEX 인도Nifty50레버리지(합성),12350,5,-100,-0.8,12324.0,-5.1824,1885,23,161,2026-08-17 07:32:32
0220A0,7,KIWOOM 현대차그룹TOP3채권혼합50,9995,2,365,3.79,9988.0,,178566,1772,160,2026-08-17 07:32:32
337150,2,KODEX 200exTOP,26445,2,740,2.88,26475.0,-12.1166,847,22,159,2026-08-17 07:32:32
265690,4,ACE 러시아MSCI(합성),8535,3,0,0.0,48.0,0.0,0,0,158,2026-08-17 07:32:32
266410,2,KODEX 필수소비재,9850,2,150,1.55,9852.0,-4.5779,13419,131,158,2026-08-17 07:32:32
219390,4,RISE 미국S&P원유생산기업(합성 H),7810,2,40,0.51,7938.0,5.3981,21131,165,156,2026-08-17 07:32:32
413930,2,WON AI ESG액티브,28140,2,305,1.1,28323.0,-12.1449,204,5,155,2026-08-17 07:32:32
0153P0,2,ACE 리츠부동산인프라액티브,9635,2,100,1.05,9696.0,-3.0927,624,5,154,2026-08-17 07:32:32
0051A0,4,KoAct 브로드컴밸류체인액티브,25670,5,-75,-0.29,25773.0,-3.8757,2029,52,154,2026-08-17 07:32:32
491510,2,파워 K-주주가치액티브,18055,2,425,2.41,18206.0,-9.0577,84,1,153,2026-08-17 07:32:32
104520,2,KIWOOM 블루칩,15250,2,275,1.84,15300.0,-9.3057,318,4,153,2026-08-17 07:32:32
114460,6,ACE 국고채3년,100730,5,-45,-0.04,100745.0,0.5678,94,9,151,2026-08-17 07:32:32
102960,2,KODEX 기계장비,14200,2,25,0.18,14237.0,-28.3372,12057,170,151,2026-08-17 07:32:32
0013P0,4,RISE 미국은행TOP10,13505,5,-100,-0.74,13534.0,14.25,7996,107,149,2026-08-17 07:32:32
453010,7,PLUS KOFR금리,109715,2,15,0.01,109708.0,0.6467,3142,344,147,2026-08-17 07:32:32
234310,2,RISE V&S셀렉트밸류,29230,2,740,2.6,29246.0,-10.4199,154,4,146,2026-08-17 07:32:32
404650,2,SOL KRX기후변화솔루션,24350,2,615,2.59,24334.0,-18.0079,115,2,146,2026-08-17 07:32:32
130680,5,TIGER 원유선물Enhanced(H),6755,5,-25,-0.37,6730.0,-11.1769,18923,126,145,2026-08-17 07:32:32
373490,2,KODEX 코리아혁신성장액티브,26405,2,305,1.17,26629.0,-23.4416,1247,32,145,2026-08-17 07:32:32
244620,2,KODEX 모멘텀Plus,20675,2,45,0.22,20811.0,-16.7674,603,12,145,2026-08-17 07:32:32
438900,2,HANARO Fn K-푸드,11570,2,545,4.94,11616.0,-6.3815,87597,999,145,2026-08-17 07:32:32
0004G0,4,1Q 미국배당TOP30,9570,2,90,0.95,9568.0,7.476,3483,33,144,2026-08-17 07:32:32
0028X0,4,KODEX 미국금융테크액티브,12415,2,290,2.39,12473.0,13.1526,16752,208,143,2026-08-17 07:32:32
417450,4,RISE 글로벌수소경제,16710,5,-160,-0.95,16726.0,-21.8672,1669,27,142,2026-08-17 07:32:32
396510,4,TIGER 차이나클린에너지SOLACTIVE,7705,5,-180,-2.28,7815.0,-20.3618,2121,16,142,2026-08-17 07:32:32
496130,1,TRUSTON 코리아밸류업액티브,26170,2,925,3.66,26079.0,-12.8684,771,20,141,2026-08-17 07:32:32
0088N0,2,WON K-글로벌수급상위,11070,2,80,0.73,11065.0,-25.5799,6478,71,138,2026-08-17 07:32:32
0127T0,4,KIWOOM 미국S&P500&배당다우존스비중전환,11495,2,75,0.66,11495.0,0.0852,1946,22,138,2026-08-17 07:32:32
0015F0,7,KIWOOM 팔란티어미국30년국채혼합액티브(H),10610,2,135,1.29,10660.0,7.2295,12306,130,138,2026-08-17 07:32:32
0127V0,4,KIWOOM 미국S&P500 TOP10&배당다우비중전환,11015,2,25,0.23,11053.0,-4.537,2555,28,138,2026-08-17 07:32:32
0193L0,2,PLUS 삼성전자선물단일종목인버스2X,9160,5,-535,-5.52,9116.0,,831734,7780,137,2026-08-17 07:32:32
489860,4,KIWOOM 글로벌전력GRID인프라,16075,5,-115,-0.71,16103.0,-9.6682,3004,48,137,2026-08-17 07:32:32
472720,1,TRUSTON 주주가치액티브,26270,2,245,0.94,26171.0,-14.7632,3884,101,137,2026-08-17 07:32:32
266390,2,KODEX 경기소비재,15150,2,335,2.26,15195.0,3.4931,12476,188,136,2026-08-17 07:32:32
280920,2,PLUS 주도업종,24455,2,575,2.41,24832.0,-13.2494,324,7,135,2026-08-17 07:32:32
300610,2,TIGER K게임,5600,2,15,0.27,5621.0,-11.8111,33444,188,134,2026-08-17 07:32:32
252650,1,KODEX 200동일가중,19090,2,255,1.35,19142.0,-11.1829,7727,146,134,2026-08-17 07:32:32
484890,6,SOL 머니마켓액티브,52475,5,-5,-0.01,52470.0,0.6907,16259,853,133,2026-08-17 07:32:32
360150,2,KODEX 코스닥150롱코스피200숏선물,3245,5,-100,-2.99,3241.0,-20.6602,203287,665,133,2026-08-17 07:32:32
0194R0,2,KIWOOM SK하이닉스선물단일종목레버리지,8135,2,500,6.55,8216.0,,39437,327,132,2026-08-17 07:32:32
0222F0,2,마이티 AI데이터센터밸류체인,13215,2,195,1.5,13163.0,,38689,504,132,2026-08-17 07:32:32
428560,4,KODEX 미국ETF산업Top10 Indxx,16450,2,375,2.33,16570.0,1.695,2729,44,132,2026-08-17 07:32:32
395760,2,PLUS ESG성장주액티브,21750,2,485,2.28,21860.0,-12.4749,30,0,131,2026-08-17 07:32:32
435550,7,KIWOOM TDF2050액티브 적격,18440,2,55,0.3,18461.0,-3.0043,1449,26,129,2026-08-17 07:32:32
435040,4,ACE 글로벌브랜드TOP10,19850,2,180,0.92,19836.0,-1.8735,1483,29,129,2026-08-17 07:32:32
279540,2,KODEX 최소변동성,21475,2,355,1.68,21627.0,-13.1849,65,1,129,2026-08-17 07:32:32
290080,3,RISE 200고배당커버드콜ATM,7330,2,90,1.24,7368.0,8.4838,5998,43,128,2026-08-17 07:32:32
0008E0,4,ACE 미국중심중소형제조업,13425,5,-135,-1.0,13500.0,-8.7666,1022,13,128,2026-08-17 07:32:32
272570,6,RISE 중장기국공채액티브,107990,5,-120,-0.11,107987.0,0.3204,19,2,127,2026-08-17 07:32:32
176950,6,KODEX 국채선물10년인버스,60270,2,65,0.11,60289.0,1.4902,1682,101,127,2026-08-17 07:32:32
453660,4,KODEX 미국S&P500경기소비재,18070,2,120,0.67,18105.0,-4.955,196,3,126,2026-08-17 07:32:32
0208N0,1,IBK 코스피액티브,7645,2,125,1.66,7661.0,,3604,27,126,2026-08-17 07:32:32
140580,2,RISE 우량업종대표주,25225,2,645,2.62,25392.0,-13.8197,87,2,126,2026-08-17 07:32:32
137610,5,TIGER 농산물선물Enhanced(H),5415,2,20,0.37,5447.0,-4.5815,10593,57,125,2026-08-17 07:32:32
400570,4,KODEX 유럽탄소배출권선물ICE(H),11315,2,45,0.4,11398.0,9.801,776,8,124,2026-08-17 07:32:32
363510,6,SOL KIS단기통안채,112030,5,-30,-0.03,112041.0,0.579,302,33,124,2026-08-17 07:32:32
0000H0,2,KODEX 인도Nifty미드캡100,10800,5,-50,-0.46,10853.0,-0.0934,639,6,124,2026-08-17 07:32:32
332610,6,PLUS 미국단기회사채(AAA~A),128995,5,-365,-0.28,129259.0,-4.2932,904,116,124,2026-08-17 07:32:32
269530,4,PLUS S&P글로벌인프라,20590,2,20,0.1,20647.0,-6.0522,583,11,124,2026-08-17 07:32:32
487750,2,BNK 온디바이스AI,30740,2,470,1.55,30957.0,-15.2,3628,111,123,2026-08-17 07:32:32
269370,4,TIGER S&P글로벌인프라(합성),17545,2,15,0.09,17709.0,-5.8804,1063,18,123,2026-08-17 07:32:32
453060,6,HANARO KOFR금리액티브(합성),111270,3,0,0.0,111255.0,0.6695,846,94,122,2026-08-17 07:32:32
485810,4,TIME 글로벌바이오액티브,11105,5,-20,-0.18,11149.0,6.9845,5439,60,122,2026-08-17 07:32:32
251590,2,PLUS 고배당저변동50,17430,2,410,2.41,17471.0,-4.8055,4136,71,122,2026-08-17 07:32:32
354240,7,RISE 미국고정배당우선증권,10900,2,45,0.41,10878.0,-7.313,5429,59,120,2026-08-17 07:32:32
0093B0,4,RISE 엔비디아고정테크100,13300,2,215,1.64,13260.0,-2.6658,2664,35,120,2026-08-17 07:32:32
419420,4,KODEX 미국클린에너지나스닥,9920,5,-80,-0.8,9879.0,-20.5962,818,8,119,2026-08-17 07:32:32
457700,6,KODEX 53-09 국고채액티브,9015,5,-35,-0.39,9031.0,-8.8013,9553,86,119,2026-08-17 07:32:32
448490,6,HANARO 32-10 국고채액티브,53015,2,80,0.15,52872.0,-0.3759,2,0,119,2026-08-17 07:32:32
464610,2,SOL 의료기기소부장Fn,7910,5,-115,-1.43,7918.0,-17.69,13684,108,119,2026-08-17 07:32:32
410870,2,TIME K컬처액티브,9845,3,0,0.0,9823.0,-17.7528,4125,40,118,2026-08-17 07:32:32
166400,3,TIGER 200커버드콜OTM,23525,2,340,1.47,23650.0,2.8146,2274,53,118,2026-08-17 07:32:32
0084E0,7,KIWOOM 미국대형주500월간목표헤지액티브,10660,2,60,0.57,10647.0,-3.5283,7,0,117,2026-08-17 07:32:32
0222D0,2,KoAct 고배당액티브,10625,2,215,2.07,10682.0,,31083,329,117,2026-08-17 07:32:32
446700,2,RISE 배터리 리사이클링,10795,2,385,3.7,10725.0,-26.4646,4582,48,117,2026-08-17 07:32:32
407820,2,에셋플러스 코리아플랫폼액티브,6450,5,-5,-0.08,6455.0,-24.3402,11508,73,116,2026-08-17 07:32:32
463640,4,KODEX 미국S&P500유틸리티,14465,2,85,0.59,14417.0,-6.0279,4907,70,116,2026-08-17 07:32:32
461580,1,TIGER 코스닥글로벌,16510,2,15,0.09,16447.0,-19.5027,26405,440,116,2026-08-17 07:32:32
498050,2,HANARO 바이오코리아액티브,11525,5,-65,-0.56,11527.0,-20.104,5959,68,115,2026-08-17 07:32:32
371870,4,ACE 차이나항셍테크,7180,5,-120,-1.64,7149.0,-11.7937,2559,18,115,2026-08-17 07:32:32
451150,4,에셋플러스 글로벌영에이지액티브,18405,2,35,0.19,18376.0,-1.6039,11,0,114,2026-08-17 07:32:32
409810,4,KODEX 미국나스닥100선물인버스(H),5410,5,-50,-0.92,5413.0,-2.2584,69250,374,114,2026-08-17 07:32:32
451600,6,PLUS 국고채30년액티브,82840,2,110,0.13,82842.0,-10.3173,10,0,113,2026-08-17 07:32:32
385710,2,TIME K이노베이션액티브,11295,2,90,0.8,11290.0,-27.2933,5950,66,113,2026-08-17 07:32:32
0001P0,2,마이티 바이오시밀러&CDMO액티브,10070,2,20,0.2,10021.0,-17.5604,1259,12,113,2026-08-17 07:32:32
430500,7,KIWOOM 물가채KIS,112635,5,-145,-0.13,112567.0,-0.2127,22,2,113,2026-08-17 07:32:32
0094L0,4,RISE 차이나테크TOP10위클리타겟커버드콜,8040,5,-230,-2.78,8119.0,-12.8256,18644,149,113,2026-08-17 07:32:32
0191S0,1,IBK 코스닥150,14985,2,115,0.77,14988.0,,13934,207,111,2026-08-17 07:32:32
140710,2,KODEX 운송,6475,2,165,2.61,6477.0,-9.8283,21615,138,110,2026-08-17 07:32:32
494180,4,TIME 글로벌소비트렌드액티브,13715,2,80,0.59,13735.0,-3.9566,402,5,110,2026-08-17 07:32:32
0068M0,4,KODEX 미국S&P500버퍼6월액티브,12190,2,145,1.2,12209.0,-0.9039,186,2,110,2026-08-17 07:32:32
0002C0,4,에셋플러스 인도일등기업포커스20액티브,10110,5,-80,-0.79,10145.0,5.8638,271,2,109,2026-08-17 07:32:32
0194N0,2,KIWOOM 삼성전자선물단일종목레버리지,12475,2,655,5.54,12565.0,,20922,254,109,2026-08-17 07:32:32
456250,4,KODEX 유럽명품TOP10 STOXX,9325,2,5,0.05,9303.0,1.8306,2271,21,107,2026-08-17 07:32:32
0226G0,2,WON 피지컬AI TOP2플러스액티브,13345,2,660,5.2,13367.0,,10593,139,107,2026-08-17 07:32:32
140570,2,RISE 수출주,26640,2,755,2.92,26690.0,-12.8558,112,2,107,2026-08-17 07:32:32
310080,4,RISE 중국MSCI China(H),9250,5,-195,-2.06,9296.0,-7.6386,2572,23,106,2026-08-17 07:32:32
354350,4,HANARO 글로벌럭셔리S&P(합성),20445,5,-80,-0.39,20490.0,-0.0978,400,8,106,2026-08-17 07:32:32
487910,4,ACE 인도컨슈머파워액티브,8785,2,30,0.34,8803.0,1.1514,404,3,105,2026-08-17 07:32:32
460270,6,KIWOOM 미국달러SOFR금리액티브(합성),12865,2,5,0.04,12871.0,-3.9926,305,3,104,2026-08-17 07:32:32
237440,7,TIGER 경기방어채권혼합,10395,2,15,0.14,10373.0,-0.4311,10330,107,104,2026-08-17 07:32:32
0067Y0,4,TIGER 차이나AI소프트웨어,11515,5,-170,-1.45,11540.0,-15.949,11917,137,104,2026-08-17 07:32:32
0189Z0,2,DAISHIN343 금융&지주고배당,10350,2,215,2.12,10402.0,,932,9,104,2026-08-17 07:32:32
429010,4,TIGER 미국나스닥넥스트100,20695,5,-50,-0.24,20825.0,5.2377,2746,57,103,2026-08-17 07:32:32
181480,7,ACE 미국부동산리츠(합성 H),85785,2,1050,1.24,86369.0,1.221,92,7,103,2026-08-17 07:32:32
0120J0,2,BNK 카카오그룹포커스,8200,2,90,1.11,8202.0,-13.0435,5042,41,103,2026-08-17 07:32:32
0227K0,4,RISE 미국우주위성통신,10200,5,-280,-2.67,10209.0,,76814,780,102,2026-08-17 07:32:32
463690,4,KODEX 미국S&P500커뮤니케이션,18445,2,365,2.02,18440.0,-8.4188,650,11,101,2026-08-17 07:32:32
0113G0,4,KoAct 미국바이오헬스케어액티브,11260,5,-110,-0.97,11268.0,9.7465,4706,52,101,2026-08-17 07:32:32
0214M0,2,MIDAS 바이오헬스케어액티브,11790,5,-35,-0.3,11793.0,,943,10,100,2026-08-17 07:32:32
0174R0,4,KIWOOM 미국성장다우존스,11775,2,70,0.6,11794.0,-1.7065,13112,154,100,2026-08-17 07:32:32
0203D0,7,PLUS 200위클리커버드콜채권혼합,9090,2,120,1.34,9087.0,,18316,165,100,2026-08-17 07:32:32
117690,4,TIGER 차이나항셍30,19970,5,-155,-0.77,19974.0,-9.9234,792,15,100,2026-08-17 07:32:32
281990,2,RISE 중소형고배당,18155,2,415,2.34,18173.0,-9.506,245,4,100,2026-08-17 07:32:32
252000,1,TIGER 200동일가중,19945,2,305,1.55,20040.0,-11.7469,6151,121,100,2026-08-17 07:32:32
0224D0,4,KIWOOM 미국CPU반도체TOP4+,9970,2,65,0.66,9974.0,,77432,774,100,2026-08-17 07:32:32
399580,4,RISE 글로벌클린에너지,9855,2,10,0.1,9933.0,-21.8848,5813,57,99,2026-08-17 07:32:32
482030,2,KoAct 반도체&2차전지핵심소재액티브,9345,2,55,0.59,9369.0,-32.794,11398,105,98,2026-08-17 07:32:32
301400,1,PLUS 코스닥150,14940,2,25,0.17,15023.0,-25.8065,7658,114,97,2026-08-17 07:32:32
449680,7,TIGER 한중전기차(합성),11380,2,100,0.89,11465.0,-25.426,70,0,97,2026-08-17 07:32:32
0084D0,7,KIWOOM 미국테크100월간목표헤지액티브,11885,2,100,0.85,11894.0,-3.4914,48,0,95,2026-08-17 07:32:32
375270,7,RISE 글로벌데이터센터리츠(합성),14545,3,0,0.0,14517.0,-12.3268,1550,22,95,2026-08-17 07:32:32
480460,7,WON 한국부동산TOP3플러스,9440,2,110,1.18,9524.0,-4.2635,313,2,94,2026-08-17 07:32:32
174350,2,TIGER 로우볼,21305,2,605,2.92,21350.0,1.6879,19542,409,94,2026-08-17 07:32:32
341850,7,TIGER 리츠부동산인프라채권,4645,2,45,0.98,4658.0,-0.6094,53176,246,93,2026-08-17 07:32:32
139240,2,TIGER 200 철강소재,11050,2,85,0.78,11079.0,-27.3744,33388,366,93,2026-08-17 07:32:32
371150,4,RISE 차이나항셍테크,7120,5,-175,-2.4,7133.0,-12.2107,1178,8,93,2026-08-17 07:32:32
395150,2,KODEX 웹툰&드라마,1925,2,15,0.79,1926.0,-18.9474,15731,30,92,2026-08-17 07:32:32
0219B0,2,KoAct 광통신&위성네트워크액티브,11545,5,-200,-1.7,11559.0,,67582,771,92,2026-08-17 07:32:32
0133E0,4,TIGER 차이나증권,8765,5,-210,-2.34,8879.0,-4.4166,6491,56,92,2026-08-17 07:32:32
497510,4,ACE 글로벌빅파마,13110,5,-55,-0.42,13159.0,4.829,490,6,92,2026-08-17 07:32:32
0216K0,7,KIWOOM 미국우주테크TOP2채권혼합50,9070,5,-155,-1.68,9104.0,,107428,976,91,2026-08-17 07:32:32
429980,7,SOL 한국형글로벌전기차&2차전지액티브,17875,2,50,0.28,17966.0,-16.1586,471,8,89,2026-08-17 07:32:32
435540,7,KIWOOM TDF2040액티브 적격,17860,2,35,0.2,17886.0,-3.0411,1712,30,89,2026-08-17 07:32:32
230480,7,KIWOOM 미국달러선물인버스2X,4425,2,30,0.68,4406.0,10.3491,4203,18,89,2026-08-17 07:32:32
0218K0,2,BNK 스마트카,11765,2,485,4.3,11743.0,,1333,15,88,2026-08-17 07:32:32
0219Z0,4,HANARO 미국S&P500액티브,11015,5,-35,-0.32,11122.0,,9546,105,88,2026-08-17 07:32:32
395280,2,HANARO Fn K-게임,3750,2,85,2.32,3767.0,-11.1375,5195,19,88,2026-08-17 07:32:32
381570,2,HANARO Fn친환경에너지,10335,2,5,0.05,10405.0,-30.1218,4684,48,88,2026-08-17 07:32:32
215620,2,HK S&P코리아로우볼,16250,3,0,0.0,16532.0,-6.5963,0,0,88,2026-08-17 07:32:32
270800,2,RISE KQ고배당,15925,2,125,0.79,16027.0,-14.1849,367,5,88,2026-08-17 07:32:32
0215T0,4,HANARO 미국AI광통신TOP10,9700,5,-305,-3.05,9734.0,,50093,487,87,2026-08-17 07:32:32
457930,2,BNK 미래전략기술액티브,28945,2,575,2.03,28842.0,-19.1368,30,0,87,2026-08-17 07:32:32
497520,4,ACE 일라이릴리밸류체인,13340,5,-75,-0.56,13374.0,10.1568,2990,39,87,2026-08-17 07:32:32
466810,2,BNK 2차전지양극재,5950,2,180,3.12,5941.0,-28.2268,22869,133,86,2026-08-17 07:32:32
105010,4,TIGER 라틴35,6160,5,-50,-0.81,6163.0,-11.7092,4386,26,86,2026-08-17 07:32:32
404540,2,TIGER KRX기후변화솔루션,24460,2,590,2.47,24473.0,-17.3479,15512,377,86,2026-08-17 07:32:32
462340,4,에셋플러스 글로벌다이나믹시니어액티브,17115,5,-80,-0.47,17096.0,5.1289,4,0,86,2026-08-17 07:32:32
0172Y0,2,ACE K수출핵심TOP10산업액티브,9945,2,125,1.27,9951.0,-17.3317,3667,36,85,2026-08-17 07:32:32
261110,7,TIGER 미국달러선물레버리지,16805,5,-5,-0.03,16816.0,-9.0639,1453,24,84,2026-08-17 07:32:32
395750,2,PLUS ESG가치주액티브,20980,2,350,1.7,21009.0,-10.4567,870,18,84,2026-08-17 07:32:32
0138D0,2,RISE 동학개미,12835,2,240,1.91,12875.0,-29.5748,2287,28,83,2026-08-17 07:32:32
253280,2,RISE 헬스케어,13900,5,-30,-0.22,13928.0,-13.6378,1768,24,83,2026-08-17 07:32:32
0176P0,2,FOCUS AI반도체위클리고정커버드콜,12830,2,225,1.79,12854.0,-11.1619,2393,30,83,2026-08-17 07:32:32
487920,4,ACE 인도시장대표BIG5그룹액티브,8315,5,-10,-0.12,8329.0,-1.6559,296,2,83,2026-08-17 07:32:32
182490,6,TIGER 단기선진하이일드(합성 H),13855,5,-60,-0.43,13889.0,0.3985,741,10,83,2026-08-17 07:32:32
217780,4,TIGER 차이나CSI300인버스(합성),5270,2,70,1.35,5296.0,8.6597,183,0,82,2026-08-17 07:32:32
0226D0,7,FOCUS 금융반도체지주채권혼합50액티브,10175,2,110,1.09,10192.0,,4315,43,81,2026-08-17 07:32:32
0082F0,4,HANARO 유럽방산,11610,5,-65,-0.56,11649.0,13.5452,713,8,81,2026-08-17 07:32:32
225800,7,KIWOOM 미국달러선물레버리지,15830,5,-45,-0.28,15822.0,-9.3097,938,14,81,2026-08-17 07:32:32
256450,4,PLUS 심천차이넥스트(합성),16010,5,-230,-1.42,16353.0,-14.8857,127,2,80,2026-08-17 07:32:32
494210,4,SOL 미국500타겟데일리커버드콜액티브,11380,2,50,0.44,11356.0,-0.5116,1233,14,80,2026-08-17 07:32:32
0166T0,4,PLUS 글로벌저작권핵심기업액티브,9945,2,145,1.48,10030.0,-4.1446,30,0,80,2026-08-17 07:32:32
0184N0,7,PLUS 은채권혼합,8830,5,-80,-0.9,8869.0,-15.462,29306,258,79,2026-08-17 07:32:32
435530,7,KIWOOM TDF2030액티브 적격,15765,2,5,0.03,15789.0,-3.4421,7333,115,79,2026-08-17 07:32:32
189400,4,PLUS 글로벌MSCI(합성 H),26250,2,190,0.73,26305.0,3.5707,79,2,79,2026-08-17 07:32:32
285690,2,FOCUS ESG리더스,22255,2,335,1.53,22276.0,-10.0627,17,0,78,2026-08-17 07:32:32
390400,4,KODEX 미국스마트모빌리티S&P,7775,2,25,0.32,7791.0,-8.9954,409,3,78,2026-08-17 07:32:32
0094X0,4,1Q 샤오미밸류체인액티브,8610,5,-165,-1.88,8663.0,-16.4472,2681,22,77,2026-08-17 07:32:32
0184V0,2,UNICORN K바이오액티브,6735,2,65,0.97,6711.0,-29.9168,55306,372,77,2026-08-17 07:32:32
438740,2,MIDAS 중소형액티브,34395,2,280,0.82,34598.0,-16.0381,4,0,77,2026-08-17 07:32:32
225050,4,TIGER 유로스탁스레버리지(합성 H),17170,5,-55,-0.32,17327.0,22.2499,4281,73,77,2026-08-17 07:32:32
402460,2,HANARO Fn K-메타버스MZ,15390,2,560,3.78,15400.0,9.4693,2766,42,77,2026-08-17 07:32:32
450180,7,KODEX 한중전기차(합성),11805,2,285,2.47,11771.0,-25.3557,136,1,77,2026-08-17 07:32:32
227570,2,TIGER 우량가치,21265,2,365,1.75,21420.0,-10.8573,16902,356,77,2026-08-17 07:32:32
488480,4,RISE 일본섹터TOP4Plus,13805,2,65,0.47,13845.0,-2.952,1138,15,76,2026-08-17 07:32:32
0005C0,6,RISE 미국S&P500엔화노출(합성 H),11670,2,95,0.82,11683.0,-0.8918,330,3,76,2026-08-17 07:32:32
368680,2,KODEX K-뉴딜디지털플러스,8285,2,30,0.36,8351.0,-13.8156,241,2,75,2026-08-17 07:32:32
304670,6,KODEX 미국30년국채울트라선물인버스(H),12380,3,0,0.0,12379.0,2.8666,425,5,74,2026-08-17 07:32:32
326230,2,RISE 내수주플러스,11540,2,180,1.58,11603.0,-10.4038,250,2,74,2026-08-17 07:32:32
437370,4,RISE 글로벌농업경제,10460,5,-40,-0.38,10474.0,-6.6009,3166,33,73,2026-08-17 07:32:32
139290,2,TIGER 200 경기소비재,27970,2,1270,4.76,28032.0,-18.6801,16704,459,73,2026-08-17 07:32:32
400590,4,SOL 글로벌탄소배출권선물ICE(합성),14305,2,95,0.67,14359.0,3.2851,407,5,72,2026-08-17 07:32:32
139660,7,KIWOOM 미국달러선물인버스,8200,5,-5,-0.06,8179.0,4.9264,77,0,71,2026-08-17 07:32:32
244670,2,KODEX 밸류Plus,11780,2,250,2.17,11870.0,-10.2259,1591,18,71,2026-08-17 07:32:32
0036Z0,4,RISE 미국천연가스밸류체인,12710,3,0,0.0,12676.0,-3.5566,216,2,70,2026-08-17 07:32:32
429740,7,PLUS K리츠,6345,2,160,2.59,6329.0,-3.8473,1008,6,70,2026-08-17 07:32:32
0047N0,4,PLUS 차이나AI테크TOP10,10505,5,-85,-0.8,10518.0,-11.3128,1268,13,68,2026-08-17 07:32:32
307510,2,TIGER 의료기기,13500,5,-200,-1.46,13550.0,-23.1513,15887,215,68,2026-08-17 07:32:32
456200,6,PLUS 미국달러SOFR금리액티브(합성),61370,2,135,0.22,61370.0,-4.1319,1013,62,68,2026-08-17 07:32:32
315270,2,TIGER 200커뮤니케이션서비스,21030,2,415,2.01,21107.0,-7.9104,20852,436,67,2026-08-17 07:32:32
316300,7,ACE 싱가포르리츠,13375,5,-30,-0.22,13433.0,-3.7319,927,12,67,2026-08-17 07:32:32
0102X0,4,ACE 유럽방산TOP10,10165,5,-75,-0.73,10231.0,8.9466,3348,33,66,2026-08-17 07:32:32
250780,3,TIGER 코스닥150선물인버스,2325,5,-5,-0.21,2338.0,15.6716,407639,957,65,2026-08-17 07:32:32
219900,4,ACE 중국본토CSI300레버리지(합성),4525,5,-75,-1.63,4579.0,-21.1673,1272,5,63,2026-08-17 07:32:32
0114X0,4,RISE 글로벌게임테크TOP3Plus,8995,2,155,1.75,9043.0,7.5956,1962,17,63,2026-08-17 07:32:32
0087F0,4,ACE 차이나AI빅테크TOP2+액티브,12575,5,-225,-1.76,12707.0,-8.5122,1374,17,63,2026-08-17 07:32:32
291890,4,KODEX MSCI EM선물(H),12295,2,50,0.41,12297.0,-1.0065,76,0,61,2026-08-17 07:32:32
433250,1,UNICORN R&D 액티브,24510,2,600,2.51,24427.0,-12.8844,29,0,61,2026-08-17 07:32:32
0053M0,2,더제이 중소형포커스액티브,13495,2,145,1.09,13498.0,-17.056,291,3,61,2026-08-17 07:32:32
0191B0,1,MIDAS 코스닥액티브,30070,5,-20,-0.07,30207.0,,15839,470,60,2026-08-17 07:32:32
407300,2,HANARO Fn골프테마,10915,2,65,0.6,10960.0,-21.7883,2,0,60,2026-08-17 07:32:32
470310,2,UNICORN 생성형AI강소기업액티브,20000,2,545,2.8,19923.0,10.2232,24248,477,60,2026-08-17 07:32:32
314700,2,HANARO 농업융복합산업,10905,2,115,1.07,10982.0,-20.0467,825,8,60,2026-08-17 07:32:32
483020,2,KIWOOM 의료AI,9985,5,-30,-0.3,10000.0,-19.0843,2533,25,60,2026-08-17 07:32:32
451670,6,RISE 국채30년레버리지(합성),11835,5,-30,-0.25,11770.0,-21.4405,545,6,59,2026-08-17 07:32:32
138920,5,KODEX 콩선물(H),11800,2,75,0.64,11792.0,-4.5694,304,3,59,2026-08-17 07:32:32
469530,3,RISE 미국달러선물인버스,9170,2,20,0.22,9155.0,5.5843,213,1,59,2026-08-17 07:32:32
401590,4,HANARO 글로벌탄소배출권선물ICE(합성),11490,2,120,1.06,11488.0,3.0955,277,3,59,2026-08-17 07:32:32
289670,6,PLUS 국채선물10년,52090,5,-115,-0.22,52041.0,-0.4397,196,10,58,2026-08-17 07:32:32
488200,2,KIWOOM K-2차전지북미공급망,12940,2,430,3.44,12964.0,-25.2763,4217,53,58,2026-08-17 07:32:32
400580,4,SOL 유럽탄소배출권선물S&P(H),11630,2,70,0.61,11734.0,9.5103,118,1,58,2026-08-17 07:32:32
413220,4,SOL 차이나태양광CSI(합성),4840,5,-90,-1.83,4885.0,-28.7188,3478,16,58,2026-08-17 07:32:32
291630,3,KIWOOM 코스닥150선물레버리지,3920,5,-15,-0.38,3918.0,-52.6284,99875,389,57,2026-08-17 07:32:32
476310,4,RISE 글로벌비만산업TOP2+,10255,2,35,0.34,10360.0,3.1745,94,0,56,2026-08-17 07:32:32
499150,4,SOL 미국S&P500엔화노출(H),11250,2,20,0.18,11279.0,-2.5897,575,6,56,2026-08-17 07:32:32
267450,6,RISE 미국장기국채선물인버스(H),11200,3,0,0.0,11115.0,2.6629,0,0,56,2026-08-17 07:32:32
220130,4,SOL 차이나강소기업CSI500(합성 H),6950,5,-75,-1.07,6981.0,-7.4568,1054,7,56,2026-08-17 07:32:32
432600,6,RISE 국채선물3년,55315,5,-10,-0.02,55300.0,0.8569,4,0,55,2026-08-17 07:32:32
0174J0,7,DAISHIN343 오피스리츠플러스,9020,2,180,2.04,9113.0,-3.1408,33,0,54,2026-08-17 07:32:32
483030,4,KIWOOM 미국블록버스터바이오테크의약품+,11915,2,35,0.29,11988.0,4.6262,13351,159,54,2026-08-17 07:32:32
474390,6,SOL 국고채30년액티브,39960,2,95,0.24,39783.0,-10.2326,186,7,54,2026-08-17 07:32:32
490330,4,KoAct 미국치매&뇌질환치료제액티브,15280,5,-220,-1.42,15331.0,11.0061,851,13,53,2026-08-17 07:32:32
0154H0,4,KoAct 차이나바이오헬스케어액티브,8875,5,-255,-2.79,8943.0,-1.3889,896,7,53,2026-08-17 07:32:32
321410,7,KODEX 멀티에셋하이인컴(H),10625,3,0,0.0,10729.0,0.665,0,0,53,2026-08-17 07:32:32
0015E0,7,KIWOOM 엔비디아미국30년국채혼합액티브(H),10605,2,55,0.52,10655.0,-1.6597,995,10,53,2026-08-17 07:32:32
411860,4,KIWOOM 독일DAX,17655,2,15,0.09,17606.0,1.8744,891,15,53,2026-08-17 07:32:32
261920,4,ACE MSCI필리핀(합성),13125,5,-100,-0.76,13221.0,-0.7937,258,3,53,2026-08-17 07:32:32
0132D0,7,KoAct 글로벌K컬처밸류체인액티브,9515,2,75,0.79,9624.0,-6.5325,10494,99,52,2026-08-17 07:32:32
0073X0,5,FOCUS 알리바바미국채커버드콜혼합,9435,5,-5,-0.05,9432.0,-9.2464,570,5,52,2026-08-17 07:32:32
498610,4,RISE 인도디지털성장,8645,2,35,0.41,8603.0,8.8933,353,3,52,2026-08-17 07:32:32
295000,6,RISE 국채선물10년,51385,2,35,0.07,51376.0,-0.5516,205,10,51,2026-08-17 07:32:32
0128D0,4,PLUS 차이나항셍테크위클리타겟커버드콜,7315,5,-85,-1.15,7303.0,-11.3102,3186,23,51,2026-08-17 07:32:32
0078V0,4,PLUS 미국로보택시,10055,2,75,0.75,10131.0,-15.646,1455,14,50,2026-08-17 07:32:32
0015K0,4,TIGER 미국소비트렌드액티브,7370,2,95,1.31,7367.0,-2.0599,14,0,50,2026-08-17 07:32:32
391600,4,ACE 미국친환경그린테마,11070,3,0,0.0,11100.0,-12.869,11190,124,50,2026-08-17 07:32:32
267440,6,RISE 미국장기국채선물(H),8105,2,85,1.06,8096.0,-0.9774,1659,13,49,2026-08-17 07:32:32
244660,2,KODEX 퀄리티Plus,9575,2,165,1.75,9629.0,-7.5441,9,0,48,2026-08-17 07:32:32
243890,2,TIGER 200에너지화학레버리지,9070,2,560,6.58,9031.0,-30.869,26036,230,48,2026-08-17 07:32:32
266550,2,PLUS 중형주저변동50,18935,2,380,2.05,19012.0,-9.2065,1158,21,47,2026-08-17 07:32:32
0131A0,4,SOL 차이나소비트렌드,7840,5,-10,-0.13,7846.0,-18.6722,127,0,47,2026-08-17 07:32:32
373790,4,KIWOOM 미국방어배당성장나스닥,16280,2,80,0.49,16220.0,2.2101,722,11,46,2026-08-17 07:32:32
488210,2,KIWOOM K-반도체북미공급망,22165,2,795,3.72,22086.0,-23.4981,745,16,44,2026-08-17 07:32:32
227550,2,TIGER 200 산업재,12580,5,-70,-0.55,12616.0,-20.0763,39793,501,43,2026-08-17 07:32:32
277650,2,TIGER 코스피중형주,21370,2,285,1.35,21526.0,-18.7453,741,15,43,2026-08-17 07:32:32
205720,4,ACE 일본TOPIX인버스(합성 H),1423,5,-8,-0.56,1424.0,-7.8368,1426,2,43,2026-08-17 07:32:32
226380,2,ACE Fn성장소비주도주,6040,2,95,1.6,6067.0,-8.4849,6696,40,42,2026-08-17 07:32:32
0050E0,4,PLUS 미국AI에이전트,8405,2,160,1.94,8454.0,9.5827,444,3,42,2026-08-17 07:32:32
238670,7,PLUS 스마트베타Quality채권혼합,13680,2,10,0.07,13630.0,2.2803,13517,185,41,2026-08-17 07:32:32
252420,3,RISE 200선물인버스2X,80,5,-5,-5.88,80.0,-25.2337,2018521,163,40,2026-08-17 07:32:32
291680,4,RISE 차이나H선물인버스(H),7885,2,175,2.27,7904.0,4.0924,89,0,39,2026-08-17 07:32:32
334690,5,RISE 팔라듐선물(H),5935,5,-230,-3.73,5941.0,-15.9349,6204,36,39,2026-08-17 07:32:32
225030,4,TIGER 미국S&P500선물인버스(H),2215,5,-20,-0.89,2218.0,-3.9046,16627,36,38,2026-08-17 07:32:32
427120,2,RISE AI플랫폼,5550,2,90,1.65,5559.0,-12.9412,58496,322,37,2026-08-17 07:32:32
0079X0,4,ACE BYD밸류체인액티브,10445,5,-155,-1.46,10504.0,-16.7066,3166,33,37,2026-08-17 07:32:32
267490,6,RISE 미국장기국채선물레버리지(합성 H),5040,2,40,0.8,5046.0,-4.8159,15,0,35,2026-08-17 07:32:32
306530,3,HANARO 코스닥150선물레버리지,7880,2,20,0.25,7804.0,-53.1232,27092,215,35,2026-08-17 07:32:32
489010,4,PLUS 글로벌AI인프라,22220,2,145,0.66,22111.0,-2.3941,456,10,33,2026-08-17 07:32:32
476000,2,UNICORN 포스트IPO액티브,5775,3,0,0.0,5760.0,-44.149,15785,89,32,2026-08-17 07:32:32
454180,4,KIWOOM 차이나내수소비TOP CSI,7845,5,-105,-1.32,7879.0,-10.537,914,7,31,2026-08-17 07:32:32
227560,2,TIGER 200 생활소비재,13065,2,235,1.83,13013.0,-6.4497,27199,351,31,2026-08-17 07:32:32
145670,3,ACE 인버스,1285,5,-34,-2.58,1285.0,-4.6029,145217,187,30,2026-08-17 07:32:32
280940,5,KODEX 골드선물인버스(H),3495,2,60,1.75,3478.0,9.9056,9098,31,28,2026-08-17 07:32:32
252410,3,RISE 200선물인버스,1313,5,-34,-2.52,1308.0,-4.0205,19313,25,26,2026-08-17 07:32:32
491630,4,RISE 미국반도체인버스(합성 H),5110,5,-150,-2.85,5153.0,-14.6912,1030,5,24,2026-08-17 07:32:32
291620,3,KIWOOM 코스닥150선물인버스,4100,5,-15,-0.36,4142.0,14.6853,24181,99,23,2026-08-17 07:32:32
334700,5,RISE 팔라듐선물인버스(H),3380,2,115,3.52,3383.0,10.4575,761,2,22,2026-08-17 07:32:32
275750,3,RISE 코스닥150선물인버스,2345,5,-15,-0.64,2368.0,14.6699,12001,28,21,2026-08-17 07:32:32
253230,3,KIWOOM 200선물인버스2X,76,5,-5,-6.17,77.0,-27.6191,3756501,288,20,2026-08-17 07:32:32
253240,3,KIWOOM 200선물인버스,1309,5,-38,-2.82,1311.0,-5.3507,48357,63,16,2026-08-17 07:32:32
465620,4,ACE 미국빅테크TOP7 Plus인버스(합성),6230,5,-15,-0.24,6247.0,0.4029,319,1,16,2026-08-17 07:32:32
306520,3,HANARO 200선물인버스,2400,5,-60,-2.44,2395.0,-3.6145,5545,13,14,2026-08-17 07:32:32
412560,2,TIGER BBIG레버리지,1973,2,46,2.39,1974.0,-29.7865,32137,62,14,2026-08-17 07:32:32
253160,3,PLUS 200선물인버스2X,159,5,-6,-3.64,155.0,-26.7282,1008036,160,11,2026-08-17 07:32:32
397420,6,RISE 국채선물5년추종,50585,3,0,0.0,50574.0,0.3471,0,0,3,2026-08-17 07:32:32
